3.865599632263183594e-02 4.468774795532226562e-02 1.111516952514648438e-01 8.543114662170410156e-01 8.717197895050048828e+00
3.811478614807128906e-02 4.413080215454101562e-02 1.113903522491455078e-01 8.462812900543212891e-01 8.728399515151977539e+00
3.802657127380371094e-02 4.417347908020019531e-02 1.108164787292480469e-01 8.704349994659423828e-01 8.761695623397827148e+00
3.846573829650878906e-02 4.404044151306152344e-02 1.126952171325683594e-01 8.653001785278320312e-01 8.686720132827758789e+00
4.158139228820800781e-02 4.428100585937500000e-02 1.152408123016357422e-01 8.636019229888916016e-01 8.707459926605224609e+00
4.186749458312988281e-02 4.459071159362792969e-02 1.151189804077148438e-01 8.688890933990478516e-01 8.843604803085327148e+00
4.228615760803222656e-02 4.415273666381835938e-02 1.153402328491210938e-01 8.518106937408447266e-01 8.798286199569702148e+00
3.999447822570800781e-02 4.389381408691406250e-02 1.138677597045898438e-01 8.474538326263427734e-01 8.817852258682250977e+00
3.983020782470703125e-02 4.401612281799316406e-02 1.134009361267089844e-01 8.558826446533203125e-01 9.105283021926879883e+00
4.032778739929199219e-02 4.409909248352050781e-02 1.156435012817382812e-01 8.576407432556152344e-01 9.189759969711303711e+00
3.996944427490234375e-02 4.393529891967773438e-02 1.155085563659667969e-01 8.632299900054931641e-01 9.185332536697387695e+00
3.952670097351074219e-02 4.413962364196777344e-02 1.148142814636230469e-01 8.781597614288330078e-01 9.152086257934570312e+00
3.923153877258300781e-02 4.400849342346191406e-02 1.125690937042236328e-01 8.905003070831298828e-01 9.094551563262939453e+00
3.906369209289550781e-02 4.423618316650390625e-02 1.114625930786132812e-01 8.588178157806396484e-01 9.068747520446777344e+00
3.915953636169433594e-02 4.520297050476074219e-02 1.103038787841796875e-01 8.557536602020263672e-01 9.120976686477661133e+00
3.958034515380859375e-02 4.713153839111328125e-02 1.116678714752197266e-01 8.600561618804931641e-01 9.043616533279418945e+00
3.908109664916992188e-02 4.776310920715332031e-02 1.123430728912353516e-01 8.591303825378417969e-01 8.969236612319946289e+00
3.837704658508300781e-02 4.534339904785156250e-02 1.116933822631835938e-01 8.597445487976074219e-01 9.026890039443969727e+00
3.790521621704101562e-02 4.884576797485351562e-02 1.129331588745117188e-01 8.591639995574951172e-01 8.944052696228027344e+00
3.756093978881835938e-02 4.935479164123535156e-02 1.150562763214111328e-01 8.546352386474609375e-01 9.082276821136474609e+00
3.943800926208496094e-02 4.798579216003417969e-02 1.134457588195800781e-01 8.626213073730468750e-01 9.028056144714355469e+00
3.799676895141601562e-02 4.517889022827148438e-02 1.098999977111816406e-01 8.592483997344970703e-01 9.051960229873657227e+00
3.909277915954589844e-02 4.479670524597167969e-02 1.104898452758789062e-01 8.559226989746093750e-01 9.011509180068969727e+00
3.809881210327148438e-02 4.421496391296386719e-02 1.107981204986572266e-01 8.579928874969482422e-01 9.013813972473144531e+00
4.086279869079589844e-02 4.394769668579101562e-02 1.113092899322509766e-01 8.502082824707031250e-01 9.058026313781738281e+00
3.975415229797363281e-02 4.434514045715332031e-02 1.099681854248046875e-01 8.571014404296875000e-01 9.116994619369506836e+00
3.862857818603515625e-02 4.370021820068359375e-02 1.116847991943359375e-01 8.564457893371582031e-01 9.048225879669189453e+00
3.863549232482910156e-02 4.446339607238769531e-02 1.119499206542968750e-01 8.510582447052001953e-01 8.967744350433349609e+00
3.753042221069335938e-02 4.450130462646484375e-02 1.108732223510742188e-01 8.532109260559082031e-01 8.959508657455444336e+00
3.942561149597167969e-02 4.430532455444335938e-02 1.112291812896728516e-01 8.582065105438232422e-01 9.000858783721923828e+00
3.909683227539062500e-02 4.383039474487304688e-02 1.105933189392089844e-01 8.538970947265625000e-01 8.978259325027465820e+00
3.826451301574707031e-02 4.434394836425781250e-02 1.123278141021728516e-01 8.692736625671386719e-01 8.965844869613647461e+00
3.833913803100585938e-02 4.400134086608886719e-02 1.132442951202392578e-01 8.530397415161132812e-01 9.035877227783203125e+00
3.768086433410644531e-02 4.383873939514160156e-02 1.114959716796875000e-01 8.518424034118652344e-01 9.052063465118408203e+00
3.736829757690429688e-02 4.396414756774902344e-02 1.101689338684082031e-01 8.511788845062255859e-01 9.014640569686889648e+00
3.730607032775878906e-02 4.402923583984375000e-02 1.111969947814941406e-01 8.600695133209228516e-01 9.033244848251342773e+00
3.763222694396972656e-02 4.426646232604980469e-02 1.113111972808837891e-01 8.541941642761230469e-01 9.093249797821044922e+00
3.735160827636718750e-02 4.454302787780761719e-02 1.116058826446533203e-01 8.494613170623779297e-01 9.274883031845092773e+00
3.739476203918457031e-02 4.405069351196289062e-02 1.115968227386474609e-01 8.532369136810302734e-01 9.265506744384765625e+00
3.732323646545410156e-02 4.402375221252441406e-02 1.102693080902099609e-01 8.580079078674316406e-01 9.161889553070068359e+00
3.736233711242675781e-02 4.400849342346191406e-02 1.100816726684570312e-01 8.483479022979736328e-01 9.139734506607055664e+00
3.740119934082031250e-02 4.385662078857421875e-02 1.112320423126220703e-01 8.457119464874267578e-01 9.228153705596923828e+00
3.763794898986816406e-02 4.462027549743652344e-02 1.112253665924072266e-01 8.507237434387207031e-01 9.167031288146972656e+00
3.812646865844726562e-02 4.393553733825683594e-02 1.109464168548583984e-01 8.497161865234375000e-01 9.200377464294433594e+00
3.819894790649414062e-02 4.367995262145996094e-02 1.110463142395019531e-01 8.492088317871093750e-01 9.230557203292846680e+00
3.837013244628906250e-02 4.371881484985351562e-02 1.113414764404296875e-01 8.438301086425781250e-01 9.328943252563476562e+00
3.832197189331054688e-02 4.380798339843750000e-02 1.164684295654296875e-01 8.487329483032226562e-01 9.014560937881469727e+00
3.835296630859375000e-02 4.373168945312500000e-02 1.120975017547607422e-01 8.519222736358642578e-01 9.108204364776611328e+00
3.832769393920898438e-02 4.355978965759277344e-02 1.117985248565673828e-01 8.452138900756835938e-01 9.131671905517578125e+00
3.851342201232910156e-02 4.373836517333984375e-02 1.101601123809814453e-01 8.446938991546630859e-01 9.163635492324829102e+00
3.783202171325683594e-02 4.430890083312988281e-02 1.113922595977783203e-01 8.499426841735839844e-01 9.274505853652954102e+00
3.832149505615234375e-02 4.403996467590332031e-02 1.143410205841064453e-01 8.479819297790527344e-01 9.114244461059570312e+00
3.727698326110839844e-02 4.405236244201660156e-02 1.118857860565185547e-01 8.483586311340332031e-01 9.063126564025878906e+00
3.935241699218750000e-02 4.386186599731445312e-02 1.121942996978759766e-01 8.498892784118652344e-01 9.144814014434814453e+00
3.881788253784179688e-02 4.381275177001953125e-02 1.140940189361572266e-01 8.505554199218750000e-01 9.146125793457031250e+00
3.879117965698242188e-02 4.394268989562988281e-02 1.134741306304931641e-01 8.565757274627685547e-01 9.113028764724731445e+00
3.875875473022460938e-02 4.407072067260742188e-02 1.123223304748535156e-01 8.454346656799316406e-01 9.133966207504272461e+00
4.093551635742187500e-02 4.378557205200195312e-02 1.116237640380859375e-01 8.515999317169189453e-01 8.983591556549072266e+00
3.982114791870117188e-02 4.360246658325195312e-02 1.103999614715576172e-01 8.484113216400146484e-01 8.975036144256591797e+00
3.917503356933593750e-02 4.395365715026855469e-02 1.113162040710449219e-01 8.561294078826904297e-01 9.022524595260620117e+00
3.884983062744140625e-02 4.411935806274414062e-02 1.118671894073486328e-01 8.503048419952392578e-01 9.021085500717163086e+00
3.830838203430175781e-02 4.381465911865234375e-02 1.112153530120849609e-01 8.462584018707275391e-01 8.958542108535766602e+00
3.869915008544921875e-02 4.389095306396484375e-02 1.103305816650390625e-01 8.473770618438720703e-01 8.994342327117919922e+00
3.875494003295898438e-02 4.393911361694335938e-02 1.127445697784423828e-01 8.463711738586425781e-01 8.960310935974121094e+00
4.030823707580566406e-02 4.394125938415527344e-02 1.116180419921875000e-01 8.465533256530761719e-01 8.984068632125854492e+00
3.841543197631835938e-02 4.408764839172363281e-02 1.115570068359375000e-01 8.456621170043945312e-01 8.995557308197021484e+00
3.918266296386718750e-02 4.393267631530761719e-02 1.121697425842285156e-01 8.419790267944335938e-01 9.046230792999267578e+00
3.913187980651855469e-02 4.400634765625000000e-02 1.105594635009765625e-01 8.457264900207519531e-01 9.070296764373779297e+00
3.917884826660156250e-02 4.404544830322265625e-02 1.100466251373291016e-01 8.439819812774658203e-01 9.008317470550537109e+00
3.887748718261718750e-02 4.401564598083496094e-02 1.113681793212890625e-01 8.478825092315673828e-01 9.048016786575317383e+00
4.064774513244628906e-02 4.378843307495117188e-02 1.112446784973144531e-01 8.489959239959716797e-01 9.183820724487304688e+00
4.044556617736816406e-02 4.363489151000976562e-02 1.114096641540527344e-01 8.474977016448974609e-01 9.038122415542602539e+00
3.931665420532226562e-02 4.497122764587402344e-02 1.105196475982666016e-01 8.452348709106445312e-01 9.069934844970703125e+00
3.981590270996093750e-02 4.459261894226074219e-02 1.109352111816406250e-01 8.484022617340087891e-01 9.100511074066162109e+00
4.142975807189941406e-02 4.414463043212890625e-02 1.111757755279541016e-01 8.461472988128662109e-01 9.116018056869506836e+00
5.154561996459960938e-02 4.618573188781738281e-02 1.112434864044189453e-01 8.536980152130126953e-01 9.036003351211547852e+00
4.151535034179687500e-02 4.639315605163574219e-02 1.113181114196777344e-01 8.443589210510253906e-01 9.042975187301635742e+00
4.328608512878417969e-02 4.555702209472656250e-02 1.117312908172607422e-01 8.460912704467773438e-01 9.219599962234497070e+00
4.235196113586425781e-02 4.533576965332031250e-02 1.114275455474853516e-01 8.473985195159912109e-01 9.122930765151977539e+00
4.547882080078125000e-02 4.449772834777832031e-02 1.111161708831787109e-01 8.459250926971435547e-01 9.127313613891601562e+00
4.392457008361816406e-02 4.405713081359863281e-02 1.120746135711669922e-01 8.408584594726562500e-01 9.152694463729858398e+00
4.226994514465332031e-02 4.417347908020019531e-02 1.108870506286621094e-01 8.444685935974121094e-01 9.271669387817382812e+00
4.140329360961914062e-02 4.397678375244140625e-02 1.111450195312500000e-01 8.435273170471191406e-01 9.129222631454467773e+00
3.998708724975585938e-02 4.408597946166992188e-02 1.113963127136230469e-01 8.409771919250488281e-01 9.206629991531372070e+00
4.029750823974609375e-02 4.414916038513183594e-02 1.109352111816406250e-01 8.523256778717041016e-01 9.189689159393310547e+00
4.113435745239257812e-02 4.419541358947753906e-02 1.109588146209716797e-01 8.452863693237304688e-01 9.189300060272216797e+00
3.992581367492675781e-02 4.544496536254882812e-02 1.097338199615478516e-01 8.565735816955566406e-01 9.233848571777343750e+00
4.292058944702148438e-02 4.597115516662597656e-02 1.117544174194335938e-01 8.530867099761962891e-01 9.248708009719848633e+00
3.902268409729003906e-02 4.530620574951171875e-02 1.106326580047607422e-01 8.550767898559570312e-01 9.154251813888549805e+00
3.816366195678710938e-02 4.522728919982910156e-02 1.100273132324218750e-01 8.451006412506103516e-01 9.188997745513916016e+00
3.793692588806152344e-02 4.471731185913085938e-02 1.115393638610839844e-01 8.447675704956054688e-01 9.270340204238891602e+00
3.785777091979980469e-02 4.454755783081054688e-02 1.098091602325439453e-01 8.513505458831787109e-01 9.187077045440673828e+00
3.797054290771484375e-02 4.403090476989746094e-02 1.114370822906494141e-01 8.486006259918212891e-01 9.127496480941772461e+00
3.775811195373535156e-02 4.742789268493652344e-02 1.119432449340820312e-01 8.509802818298339844e-01 9.146968126296997070e+00
3.801226615905761719e-02 4.650568962097167969e-02 1.120452880859375000e-01 8.665280342102050781e-01 9.137560606002807617e+00
3.737640380859375000e-02 4.592609405517578125e-02 1.117067337036132812e-01 8.610684871673583984e-01 9.139911413192749023e+00
3.775382041931152344e-02 4.536914825439453125e-02 1.137299537658691406e-01 8.619649410247802734e-01 9.132595777511596680e+00
3.742790222167968750e-02 4.507923126220703125e-02 1.096999645233154297e-01 8.581435680389404297e-01 9.100229263305664062e+00
3.760480880737304688e-02 4.539728164672851562e-02 1.113357543945312500e-01 8.576576709747314453e-01 9.110486745834350586e+00
3.859519958496093750e-02 4.511189460754394531e-02 1.105551719665527344e-01 8.576750755310058594e-01 8.989189863204956055e+00
5.222678184509277344e-02 4.427814483642578125e-02 1.116244792938232422e-01 8.619883060455322266e-01 8.969990968704223633e+00
4.292559623718261719e-02 4.415225982666015625e-02 1.121327877044677734e-01 8.525085449218750000e-01 8.994286298751831055e+00
3.957009315490722656e-02 4.457259178161621094e-02 1.113932132720947266e-01 8.593332767486572266e-01 9.021571874618530273e+00
3.979587554931640625e-02 4.471540451049804688e-02 1.115059852600097656e-01 8.609683513641357422e-01 9.001547574996948242e+00
3.880834579467773438e-02 4.463696479797363281e-02 1.114828586578369141e-01 8.624334335327148438e-01 8.982441425323486328e+00
3.879427909851074219e-02 4.452991485595703125e-02 1.113343238830566406e-01 8.590414524078369141e-01 9.002688646316528320e+00
4.041695594787597656e-02 4.417204856872558594e-02 1.113572120666503906e-01 8.571248054504394531e-01 8.957495927810668945e+00
3.910779953002929688e-02 4.402327537536621094e-02 1.114482879638671875e-01 8.614468574523925781e-01 8.914686441421508789e+00
3.868007659912109375e-02 4.492592811584472656e-02 1.119253635406494141e-01 8.561685085296630859e-01 8.980663061141967773e+00
3.888988494873046875e-02 4.441952705383300781e-02 1.125166416168212891e-01 8.580398559570312500e-01 8.970945119857788086e+00
3.846716880798339844e-02 4.433822631835937500e-02 1.140573024749755859e-01 8.672685623168945312e-01 8.968039274215698242e+00
3.838849067687988281e-02 4.405164718627929688e-02 1.127221584320068359e-01 8.633966445922851562e-01 8.988504171371459961e+00
3.762841224670410156e-02 4.408860206604003906e-02 1.112153530120849609e-01 8.537931442260742188e-01 8.975923538208007812e+00
3.745365142822265625e-02 4.430079460144042969e-02 1.128215789794921875e-01 8.554239273071289062e-01 8.869962215423583984e+00
3.864932060241699219e-02 4.409122467041015625e-02 1.160488128662109375e-01 8.615498542785644531e-01 8.968033790588378906e+00
3.778409957885742188e-02 4.511237144470214844e-02 1.121308803558349609e-01 8.640556335449218750e-01 9.078887939453125000e+00
4.019641876220703125e-02 4.477500915527343750e-02 1.119909286499023438e-01 8.667151927947998047e-01 9.046098470687866211e+00
3.837871551513671875e-02 4.514479637145996094e-02 1.145699024200439453e-01 8.642406463623046875e-01 9.062054395675659180e+00
3.793168067932128906e-02 4.697775840759277344e-02 1.124446392059326172e-01 8.825976848602294922e-01 9.183639287948608398e+00
3.762698173522949219e-02 4.548263549804687500e-02 1.141526699066162109e-01 8.574180603027343750e-01 9.045145511627197266e+00
3.744506835937500000e-02 4.466414451599121094e-02 1.143374443054199219e-01 8.567330837249755859e-01 9.024631977081298828e+00
3.747725486755371094e-02 4.411649703979492188e-02 1.121277809143066406e-01 8.500392436981201172e-01 9.142804861068725586e+00
3.720855712890625000e-02 4.438614845275878906e-02 1.118633747100830078e-01 8.501012325286865234e-01 9.073158025741577148e+00
3.930687904357910156e-02 4.448938369750976562e-02 1.141016483306884766e-01 8.514430522918701172e-01 9.373850345611572266e+00
3.833651542663574219e-02 4.423999786376953125e-02 1.138477325439453125e-01 8.472795486450195312e-01 9.303422689437866211e+00
3.777527809143066406e-02 4.395627975463867188e-02 1.141903400421142578e-01 8.569436073303222656e-01 9.111333608627319336e+00
4.130434989929199219e-02 4.411983489990234375e-02 1.119618415832519531e-01 8.513419628143310547e-01 9.131171464920043945e+00
4.013895988464355469e-02 4.491162300109863281e-02 1.147139072418212891e-01 8.520092964172363281e-01 9.104090929031372070e+00
3.823685646057128906e-02 4.562902450561523438e-02 1.131956577301025391e-01 8.511950969696044922e-01 9.025480031967163086e+00
3.770065307617187500e-02 4.639148712158203125e-02 1.134986877441406250e-01 8.504681587219238281e-01 9.037740468978881836e+00
3.834581375122070312e-02 4.599213600158691406e-02 1.135556697845458984e-01 8.591792583465576172e-01 9.148584127426147461e+00
4.078817367553710938e-02 4.534220695495605469e-02 1.135637760162353516e-01 8.584098815917968750e-01 9.137453079223632812e+00
3.798365592956542969e-02 4.482936859130859375e-02 1.130437850952148438e-01 8.532052040100097656e-01 9.085448026657104492e+00
3.783249855041503906e-02 4.485273361206054688e-02 1.129183769226074219e-01 8.543772697448730469e-01 9.146420955657958984e+00
3.802943229675292969e-02 4.503488540649414062e-02 1.125049591064453125e-01 8.606505393981933594e-01 9.113954305648803711e+00
3.798079490661621094e-02 4.486680030822753906e-02 1.121804714202880859e-01 8.609018325805664062e-01 9.088641643524169922e+00
3.766894340515136719e-02 4.481220245361328125e-02 1.117203235626220703e-01 8.734965324401855469e-01 9.109394073486328125e+00
3.764224052429199219e-02 4.507732391357421875e-02 1.129462718963623047e-01 8.640925884246826172e-01 9.136301040649414062e+00
3.754067420959472656e-02 4.499721527099609375e-02 1.118445396423339844e-01 8.674135208129882812e-01 9.167454242706298828e+00
3.735733032226562500e-02 4.532814025878906250e-02 1.125566959381103516e-01 8.661010265350341797e-01 9.097821235656738281e+00
3.716111183166503906e-02 4.537391662597656250e-02 1.119441986083984375e-01 8.586051464080810547e-01 9.118457555770874023e+00
3.912234306335449219e-02 4.554224014282226562e-02 1.143434047698974609e-01 8.657400608062744141e-01 9.121668338775634766e+00
3.806924819946289062e-02 4.557013511657714844e-02 1.116437911987304688e-01 8.683838844299316406e-01 9.089421272277832031e+00
3.931570053100585938e-02 4.451465606689453125e-02 1.118581295013427734e-01 8.839800357818603516e-01 9.081104278564453125e+00
3.830170631408691406e-02 4.412484169006347656e-02 1.107034683227539062e-01 8.725435733795166016e-01 9.114124536514282227e+00
3.756117820739746094e-02 4.442644119262695312e-02 1.116364002227783203e-01 9.153337478637695312e-01 9.092636823654174805e+00
3.973007202148437500e-02 4.508638381958007812e-02 1.129834651947021484e-01 9.113588333129882812e-01 9.123157024383544922e+00
3.977799415588378906e-02 4.524612426757812500e-02 1.138675212860107422e-01 9.439315795898437500e-01 9.073060274124145508e+00
3.809142112731933594e-02 4.471874237060546875e-02 1.147003173828125000e-01 9.217236042022705078e-01 9.085067510604858398e+00
3.743505477905273438e-02 4.432344436645507812e-02 1.140179634094238281e-01 9.121758937835693359e-01 9.120948076248168945e+00
3.732562065124511719e-02 4.437327384948730469e-02 1.118435859680175781e-01 9.196753501892089844e-01 9.099521160125732422e+00
3.928589820861816406e-02 4.568052291870117188e-02 1.130790710449218750e-01 8.818156719207763672e-01 9.124449729919433594e+00
3.844189643859863281e-02 4.576492309570312500e-02 1.121804714202880859e-01 9.028737545013427734e-01 9.098547697067260742e+00
3.815102577209472656e-02 4.536128044128417969e-02 1.101536750793457031e-01 9.351890087127685547e-01 9.059901475906372070e+00
3.862547874450683594e-02 4.485869407653808594e-02 1.119825839996337891e-01 8.948850631713867188e-01 9.068936347961425781e+00
3.734350204467773438e-02 4.463624954223632812e-02 1.120500564575195312e-01 8.841557502746582031e-01 9.060298442840576172e+00
3.742551803588867188e-02 4.506015777587890625e-02 1.100811958312988281e-01 8.900709152221679688e-01 9.046491384506225586e+00
3.748416900634765625e-02 4.500579833984375000e-02 1.122872829437255859e-01 9.151527881622314453e-01 8.936940193176269531e+00
3.792214393615722656e-02 4.482221603393554688e-02 1.123373508453369141e-01 9.469780921936035156e-01 8.901731729507446289e+00
3.821158409118652344e-02 4.453730583190917969e-02 1.108565330505371094e-01 9.194233417510986328e-01 8.937144756317138672e+00
3.803324699401855469e-02 4.430532455444335938e-02 1.116025447845458984e-01 8.984496593475341797e-01 8.953069210052490234e+00
3.787779808044433594e-02 4.507565498352050781e-02 1.111605167388916016e-01 8.935728073120117188e-01 8.983111143112182617e+00
3.741288185119628906e-02 4.467391967773437500e-02 1.121735572814941406e-01 9.032864570617675781e-01 8.967502117156982422e+00
3.750562667846679688e-02 4.446768760681152344e-02 1.106190681457519531e-01 9.019489288330078125e-01 9.017928600311279297e+00
3.733062744140625000e-02 4.461169242858886719e-02 1.117272377014160156e-01 8.846981525421142578e-01 9.055780649185180664e+00
3.815770149230957031e-02 4.469060897827148438e-02 1.119332313537597656e-01 8.880670070648193359e-01 9.007055282592773438e+00
3.779578208923339844e-02 4.451489448547363281e-02 1.115868091583251953e-01 8.892745971679687500e-01 8.976149320602416992e+00
3.771233558654785156e-02 4.515981674194335938e-02 1.122736930847167969e-01 8.825068473815917969e-01 9.072707653045654297e+00
3.755617141723632812e-02 4.462575912475585938e-02 1.119425296783447266e-01 8.793873786926269531e-01 9.128176212310791016e+00
3.758811950683593750e-02 4.435229301452636719e-02 1.117367744445800781e-01 8.836050033569335938e-01 9.142660140991210938e+00
3.743648529052734375e-02 4.464459419250488281e-02 1.171905994415283203e-01 8.852696418762207031e-01 9.041533231735229492e+00
3.740119934082031250e-02 4.472446441650390625e-02 1.163251399993896484e-01 8.952648639678955078e-01 9.072878599166870117e+00
3.713870048522949219e-02 4.483556747436523438e-02 1.139714717864990234e-01 8.896517753601074219e-01 9.093038082122802734e+00
3.710937500000000000e-02 4.480624198913574219e-02 1.145856380462646484e-01 8.921313285827636719e-01 9.076343536376953125e+00
3.737163543701171875e-02 4.481744766235351562e-02 1.150414943695068359e-01 8.993003368377685547e-01 9.044324398040771484e+00
3.724098205566406250e-02 4.459738731384277344e-02 1.147110462188720703e-01 9.051887989044189453e-01 9.057718515396118164e+00
3.749275207519531250e-02 5.107688903808593750e-02 1.131169795989990234e-01 9.257040023803710938e-01 9.135433197021484375e+00
3.746175765991210938e-02 4.931521415710449219e-02 1.130962371826171875e-01 9.150900840759277344e-01 9.055161476135253906e+00
3.758120536804199219e-02 5.033922195434570312e-02 1.155598163604736328e-01 9.167478084564208984e-01 9.098214626312255859e+00
3.876900672912597656e-02 4.781985282897949219e-02 1.146135330200195312e-01 8.883175849914550781e-01 8.992100000381469727e+00
3.793668746948242188e-02 4.823040962219238281e-02 1.165332794189453125e-01 8.797633647918701172e-01 8.961278200149536133e+00
3.734135627746582031e-02 4.749774932861328125e-02 1.138586997985839844e-01 9.095585346221923828e-01 9.014259815216064453e+00
3.916645050048828125e-02 4.790258407592773438e-02 1.122262477874755859e-01 9.050178527832031250e-01 8.986091375350952148e+00
3.767776489257812500e-02 4.958558082580566406e-02 1.126158237457275391e-01 8.989975452423095703e-01 8.978125095367431641e+00
3.765416145324707031e-02 4.973793029785156250e-02 1.115586757659912109e-01 8.793504238128662109e-01 9.021181106567382812e+00
3.755068778991699219e-02 4.857087135314941406e-02 1.119284629821777344e-01 8.857300281524658203e-01 9.057165861129760742e+00
3.786921501159667969e-02 4.818224906921386719e-02 1.117169857025146484e-01 8.842854499816894531e-01 8.981773853302001953e+00
3.772687911987304688e-02 4.796862602233886719e-02 1.118721961975097656e-01 8.932340145111083984e-01 9.015379667282104492e+00
3.739500045776367188e-02 4.744648933410644531e-02 1.131050586700439453e-01 9.084429740905761719e-01 8.961459159851074219e+00
3.736758232116699219e-02 4.496741294860839844e-02 1.121704578399658203e-01 8.914995193481445312e-01 8.974126100540161133e+00
3.733181953430175781e-02 4.433441162109375000e-02 1.109001636505126953e-01 9.020226001739501953e-01 8.948233604431152344e+00
3.687572479248046875e-02 4.425692558288574219e-02 1.120147705078125000e-01 8.886370658874511719e-01 8.950485944747924805e+00
3.789591789245605469e-02 4.552364349365234375e-02 1.133735179901123047e-01 9.070522785186767578e-01 8.954047203063964844e+00
4.010605812072753906e-02 4.508376121520996094e-02 1.139955520629882812e-01 9.022517204284667969e-01 8.964459419250488281e+00
3.760838508605957031e-02 4.437017440795898438e-02 1.132791042327880859e-01 9.031167030334472656e-01 8.970414638519287109e+00
3.749346733093261719e-02 4.423499107360839844e-02 1.122729778289794922e-01 9.007418155670166016e-01 8.975121736526489258e+00
3.855228424072265625e-02 4.525613784790039062e-02 1.117284297943115234e-01 8.972859382629394531e-01 8.961478233337402344e+00
3.763723373413085938e-02 4.492998123168945312e-02 1.109497547149658203e-01 9.020991325378417969e-01 8.971255779266357422e+00
3.928780555725097656e-02 4.462814331054687500e-02 1.119666099548339844e-01 8.886430263519287109e-01 8.962072610855102539e+00
3.784465789794921875e-02 4.455900192260742188e-02 1.147198677062988281e-01 9.102082252502441406e-01 9.003781318664550781e+00
3.749370574951171875e-02 4.526519775390625000e-02 1.120867729187011719e-01 8.945872783660888672e-01 9.001392126083374023e+00
4.045677185058593750e-02 4.565048217773437500e-02 1.109457015991210938e-01 8.947007656097412109e-01 8.964235067367553711e+00
3.722119331359863281e-02 4.586482048034667969e-02 1.115081310272216797e-01 9.753494262695312500e-01 8.955486297607421875e+00
3.941297531127929688e-02 4.526758193969726562e-02 1.121294498443603516e-01 9.208607673645019531e-01 8.963494777679443359e+00
3.782367706298828125e-02 4.569172859191894531e-02 1.119239330291748047e-01 9.015159606933593750e-01 8.982181787490844727e+00
3.875494003295898438e-02 4.595565795898437500e-02 1.117777824401855469e-01 9.107990264892578125e-01 8.989302635192871094e+00
3.779268264770507812e-02 4.571938514709472656e-02 1.122438907623291016e-01 9.713244438171386719e-01 9.004421234130859375e+00
3.760957717895507812e-02 4.504871368408203125e-02 1.107888221740722656e-01 8.920617103576660156e-01 8.991460084915161133e+00
3.871107101440429688e-02 4.486775398254394531e-02 1.102888584136962891e-01 8.913848400115966797e-01 8.960682868957519531e+00
3.920054435729980469e-02 4.491639137268066406e-02 1.119117736816406250e-01 8.928067684173583984e-01 8.967684507369995117e+00
3.978252410888671875e-02 4.499125480651855469e-02 1.120579242706298828e-01 8.915119171142578125e-01 8.975731849670410156e+00
3.922057151794433594e-02 4.511070251464843750e-02 1.123359203338623047e-01 8.914635181427001953e-01 8.977482557296752930e+00
3.906488418579101562e-02 4.462122917175292969e-02 1.122558116912841797e-01 8.952505588531494141e-01 9.006306409835815430e+00
3.964042663574218750e-02 4.421257972717285156e-02 1.117517948150634766e-01 8.912234306335449219e-01 8.989586591720581055e+00
4.218196868896484375e-02 4.507875442504882812e-02 1.115970611572265625e-01 8.946678638458251953e-01 8.970346212387084961e+00
3.894901275634765625e-02 4.441165924072265625e-02 1.120970249176025391e-01 8.905849456787109375e-01 9.026572942733764648e+00
3.929901123046875000e-02 4.454660415649414062e-02 1.124532222747802734e-01 8.883879184722900391e-01 9.069629192352294922e+00
4.034471511840820312e-02 4.427742958068847656e-02 1.130797863006591797e-01 8.888101577758789062e-01 8.990551948547363281e+00
4.005289077758789062e-02 4.395341873168945312e-02 1.130871772766113281e-01 8.937079906463623047e-01 8.986770391464233398e+00
5.345559120178222656e-02 4.422497749328613281e-02 1.124937534332275391e-01 8.891365528106689453e-01 8.971128940582275391e+00
3.946042060852050781e-02 4.387521743774414062e-02 1.115164756774902344e-01 8.937530517578125000e-01 8.957928419113159180e+00
3.858780860900878906e-02 4.418873786926269531e-02 1.118202209472656250e-01 8.913507461547851562e-01 9.085300683975219727e+00
3.849697113037109375e-02 4.424691200256347656e-02 1.111843585968017578e-01 8.858718872070312500e-01 9.090743064880371094e+00
3.871583938598632812e-02 4.387974739074707031e-02 1.104445457458496094e-01 8.918795585632324219e-01 8.940932989120483398e+00
3.843021392822265625e-02 4.424858093261718750e-02 1.109380722045898438e-01 8.844556808471679688e-01 9.124978303909301758e+00
3.863286972045898438e-02 4.396200180053710938e-02 1.108744144439697266e-01 8.934400081634521484e-01 9.176934003829956055e+00
3.945517539978027344e-02 4.371380805969238281e-02 1.107010841369628906e-01 8.861563205718994141e-01 9.133995294570922852e+00
3.888940811157226562e-02 4.418516159057617188e-02 1.120686531066894531e-01 8.940787315368652344e-01 9.239058256149291992e+00
3.895711898803710938e-02 4.416108131408691406e-02 1.098735332489013672e-01 8.854739665985107422e-01 9.108937501907348633e+00
3.956055641174316406e-02 4.363226890563964844e-02 1.123342514038085938e-01 8.897101879119873047e-01 9.146606206893920898e+00
4.024648666381835938e-02 4.399013519287109375e-02 1.119437217712402344e-01 8.980290889739990234e-01 9.276244163513183594e+00
3.916263580322265625e-02 4.439926147460937500e-02 1.109561920166015625e-01 8.817946910858154297e-01 9.398107290267944336e+00
3.842949867248535156e-02 4.402160644531250000e-02 1.115171909332275391e-01 8.930048942565917969e-01 8.958331823348999023e+00
3.797984123229980469e-02 4.384994506835937500e-02 1.126673221588134766e-01 8.984978199005126953e-01 8.998577117919921875e+00
3.805708885192871094e-02 4.420185089111328125e-02 1.114535331726074219e-01 8.909375667572021484e-01 8.930348157882690430e+00
4.283022880554199219e-02 4.437422752380371094e-02 1.121895313262939453e-01 8.959400653839111328e-01 9.155760526657104492e+00
3.865170478820800781e-02 4.412889480590820312e-02 1.117386817932128906e-01 8.829724788665771484e-01 8.975139617919921875e+00
3.837442398071289062e-02 4.443597793579101562e-02 1.106381416320800781e-01 8.969986438751220703e-01 8.957491874694824219e+00
3.785204887390136719e-02 4.428052902221679688e-02 1.120359897613525391e-01 8.933160305023193359e-01 8.956525087356567383e+00
3.771901130676269531e-02 4.381632804870605469e-02 1.129300594329833984e-01 9.010801315307617188e-01 9.302968740463256836e+00
3.775191307067871094e-02 4.463577270507812500e-02 1.124064922332763672e-01 8.980269432067871094e-01 9.307378292083740234e+00
3.783392906188964844e-02 4.433512687683105469e-02 1.130006313323974609e-01 8.907964229583740234e-01 8.967644929885864258e+00
3.799605369567871094e-02 4.401946067810058594e-02 1.123142242431640625e-01 8.970532417297363281e-01 8.923972368240356445e+00
3.770422935485839844e-02 4.405426979064941406e-02 1.127252578735351562e-01 8.917648792266845703e-01 8.945281744003295898e+00
3.736925125122070312e-02 4.409623146057128906e-02 1.125562191009521484e-01 8.912522792816162109e-01 8.958954095840454102e+00
3.782558441162109375e-02 4.397368431091308594e-02 1.114745140075683594e-01 8.923842906951904297e-01 8.936725139617919922e+00
3.860640525817871094e-02 4.428410530090332031e-02 1.100571155548095703e-01 8.952445983886718750e-01 9.245225667953491211e+00
3.907966613769531250e-02 4.394555091857910156e-02 1.118919849395751953e-01 8.896882534027099609e-01 9.416561126708984375e+00
3.934979438781738281e-02 4.357123374938964844e-02 1.123094558715820312e-01 8.931553363800048828e-01 8.987932682037353516e+00
3.890419006347656250e-02 4.416036605834960938e-02 1.117157936096191406e-01 8.924062252044677734e-01 8.943167686462402344e+00
3.902816772460937500e-02 4.400706291198730469e-02 1.113603115081787109e-01 8.971688747406005859e-01 8.941560506820678711e+00
3.891611099243164062e-02 4.401898384094238281e-02 1.101479530334472656e-01 8.951299190521240234e-01 8.906375169754028320e+00
3.879928588867187500e-02 4.443836212158203125e-02 1.120455265045166016e-01 8.891150951385498047e-01 8.938040971755981445e+00
3.872656822204589844e-02 4.377031326293945312e-02 1.113348007202148438e-01 8.904523849487304688e-01 8.930200815200805664e+00
3.855895996093750000e-02 4.414916038513183594e-02 1.124715805053710938e-01 8.925483226776123047e-01 8.931785106658935547e+00
3.821945190429687500e-02 4.388284683227539062e-02 1.112864017486572266e-01 8.959851264953613281e-01 8.973003625869750977e+00
3.952598571777343750e-02 4.435443878173828125e-02 1.111884117126464844e-01 8.920595645904541016e-01 8.999536752700805664e+00
3.863143920898437500e-02 4.404473304748535156e-02 1.101727485656738281e-01 8.907153606414794922e-01 9.175470352172851562e+00
3.837132453918457031e-02 4.402637481689453125e-02 1.117703914642333984e-01 8.976912498474121094e-01 9.034886360168457031e+00
3.868079185485839844e-02 4.349303245544433594e-02 1.134142875671386719e-01 8.979516029357910156e-01 8.913598299026489258e+00
3.855347633361816406e-02 4.388809204101562500e-02 1.116750240325927734e-01 8.985502719879150391e-01 9.198449611663818359e+00
3.880143165588378906e-02 4.391527175903320312e-02 1.114645004272460938e-01 9.017395973205566406e-01 9.144360065460205078e+00
3.844070434570312500e-02 4.398679733276367188e-02 1.112122535705566406e-01 8.984909057617187500e-01 8.970394849777221680e+00
3.828763961791992188e-02 4.398488998413085938e-02 1.116721630096435547e-01 8.980691432952880859e-01 8.921433210372924805e+00
3.807735443115234375e-02 4.411983489990234375e-02 1.119534969329833984e-01 9.434244632720947266e-01 8.938039779663085938e+00
3.767132759094238281e-02 4.456329345703125000e-02 1.127777099609375000e-01 9.067575931549072266e-01 8.929202795028686523e+00
3.725504875183105469e-02 4.405331611633300781e-02 1.112446784973144531e-01 9.131987094879150391e-01 8.986110448837280273e+00
3.754401206970214844e-02 4.388475418090820312e-02 1.107449531555175781e-01 9.591517448425292969e-01 8.933293819427490234e+00
3.728246688842773438e-02 4.401206970214843750e-02 1.131074428558349609e-01 9.188976287841796875e-01 8.934000015258789062e+00
3.781056404113769531e-02 4.401159286499023438e-02 1.109030246734619141e-01 9.482011795043945312e-01 8.899927854537963867e+00
3.817391395568847656e-02 4.388880729675292969e-02 1.105504035949707031e-01 9.176976680755615234e-01 8.957592487335205078e+00
3.778100013732910156e-02 4.391264915466308594e-02 1.131913661956787109e-01 9.068059921264648438e-01 9.133859395980834961e+00
3.759574890136718750e-02 4.398250579833984375e-02 1.114902496337890625e-01 9.048521518707275391e-01 9.224602222442626953e+00
3.762435913085937500e-02 4.457449913024902344e-02 1.108164787292480469e-01 9.032738208770751953e-01 8.957730770111083984e+00
3.881120681762695312e-02 4.442405700683593750e-02 1.110742092132568359e-01 9.106938838958740234e-01 8.956818342208862305e+00
3.984332084655761719e-02 4.466128349304199219e-02 1.128127574920654297e-01 8.985340595245361328e-01 8.935737609863281250e+00
3.880977630615234375e-02 4.455137252807617188e-02 1.119377613067626953e-01 8.967788219451904297e-01 8.966010808944702148e+00
3.774142265319824219e-02 4.462313652038574219e-02 1.161389350891113281e-01 8.976299762725830078e-01 8.916861772537231445e+00
3.753948211669921875e-02 4.500722885131835938e-02 1.128380298614501953e-01 9.005002975463867188e-01 8.943947553634643555e+00
3.760457038879394531e-02 4.484605789184570312e-02 1.129558086395263672e-01 9.083604812622070312e-01 8.938130855560302734e+00
3.718972206115722656e-02 4.472160339355468750e-02 1.111478805541992188e-01 9.099586009979248047e-01 8.929324388504028320e+00
3.746795654296875000e-02 4.420709609985351562e-02 1.129348278045654297e-01 9.074029922485351562e-01 9.127360582351684570e+00
3.794264793395996094e-02 4.465317726135253906e-02 1.106524467468261719e-01 8.950331211090087891e-01 8.949498891830444336e+00
3.785085678100585938e-02 4.486060142517089844e-02 1.117203235626220703e-01 9.031090736389160156e-01 9.054899454116821289e+00
3.747034072875976562e-02 4.438853263854980469e-02 1.118376255035400391e-01 9.089770317077636719e-01 9.097227811813354492e+00
3.746128082275390625e-02 4.455447196960449219e-02 1.116526126861572266e-01 8.967611789703369141e-01 8.939533710479736328e+00
3.801321983337402344e-02 4.435348510742187500e-02 1.112747192382812500e-01 9.047520160675048828e-01 9.001116275787353516e+00
3.736782073974609375e-02 4.442501068115234375e-02 1.123101711273193359e-01 9.149565696716308594e-01 9.165130853652954102e+00
3.762769699096679688e-02 4.466128349304199219e-02 1.120970249176025391e-01 9.096505641937255859e-01 9.117105722427368164e+00
3.780102729797363281e-02 4.484581947326660156e-02 1.124992370605468750e-01 8.985373973846435547e-01 9.057830095291137695e+00
3.826618194580078125e-02 4.454207420349121094e-02 1.105561256408691406e-01 9.036254882812500000e-01 9.005306959152221680e+00
3.800487518310546875e-02 4.470348358154296875e-02 1.120257377624511719e-01 8.973944187164306641e-01 8.955052137374877930e+00
3.800296783447265625e-02 4.431056976318359375e-02 1.114847660064697266e-01 8.984470367431640625e-01 9.019851446151733398e+00
3.920364379882812500e-02 4.614257812500000000e-02 1.121151447296142578e-01 9.001817703247070312e-01 9.309812784194946289e+00
3.826904296875000000e-02 4.603195190429687500e-02 1.118354797363281250e-01 8.964543342590332031e-01 9.221425533294677734e+00
3.780460357666015625e-02 4.750680923461914062e-02 1.125471591949462891e-01 8.987710475921630859e-01 9.210640668869018555e+00
3.742432594299316406e-02 4.656982421875000000e-02 1.114993095397949219e-01 9.037854671478271484e-01 8.902291774749755859e+00
3.775000572204589844e-02 4.590725898742675781e-02 1.119174957275390625e-01 8.986792564392089844e-01 8.802852392196655273e+00
3.829669952392578125e-02 4.581880569458007812e-02 1.119143962860107422e-01 8.948633670806884766e-01 8.919105768203735352e+00
3.765964508056640625e-02 4.567289352416992188e-02 1.108560562133789062e-01 9.175944328308105469e-01 8.956964254379272461e+00
3.928971290588378906e-02 4.526495933532714844e-02 1.113657951354980469e-01 9.311306476593017578e-01 8.922838449478149414e+00
3.813648223876953125e-02 4.540181159973144531e-02 1.120707988739013672e-01 9.262821674346923828e-01 8.866515398025512695e+00
3.850889205932617188e-02 4.513072967529296875e-02 1.107900142669677734e-01 9.109816551208496094e-01 8.934878110885620117e+00
3.848814964294433594e-02 4.494380950927734375e-02 1.106171607971191406e-01 9.330980777740478516e-01 8.922292232513427734e+00
3.847074508666992188e-02 4.471111297607421875e-02 1.098105907440185547e-01 9.362342357635498047e-01 8.953078985214233398e+00
3.827595710754394531e-02 4.429483413696289062e-02 1.116006374359130859e-01 9.381592273712158203e-01 8.935171365737915039e+00
3.836822509765625000e-02 4.413056373596191406e-02 1.118764877319335938e-01 9.145202636718750000e-01 8.924413204193115234e+00
3.813958168029785156e-02 4.403567314147949219e-02 1.110019683837890625e-01 9.369950294494628906e-01 8.927374601364135742e+00
3.868699073791503906e-02 4.437828063964843750e-02 1.114988327026367188e-01 9.327290058135986328e-01 9.010780811309814453e+00
3.882169723510742188e-02 4.412674903869628906e-02 1.101264953613281250e-01 9.259586334228515625e-01 8.954577207565307617e+00
3.781127929687500000e-02 4.417920112609863281e-02 1.117389202117919922e-01 9.300036430358886719e-01 8.892001628875732422e+00
3.852367401123046875e-02 4.412007331848144531e-02 1.121571063995361328e-01 9.310543537139892578e-01 8.912008523941040039e+00
3.793787956237792969e-02 4.406070709228515625e-02 1.106410026550292969e-01 9.649643898010253906e-01 8.919056415557861328e+00
3.787612915039062500e-02 4.402136802673339844e-02 1.099867820739746094e-01 9.393754005432128906e-01 8.982451677322387695e+00
3.823709487915039062e-02 4.388427734375000000e-02 1.117291450500488281e-01 9.279429912567138672e-01 8.921346664428710938e+00
3.834009170532226562e-02 4.363250732421875000e-02 1.116874217987060547e-01 9.134228229522705078e-01 8.920868873596191406e+00
3.762769699096679688e-02 4.403209686279296875e-02 1.110172271728515625e-01 9.179987907409667969e-01 8.966683387756347656e+00
3.845596313476562500e-02 4.379558563232421875e-02 1.096744537353515625e-01 9.123950004577636719e-01 8.910344362258911133e+00
3.797364234924316406e-02 4.426717758178710938e-02 1.107966899871826172e-01 9.614245891571044922e-01 8.905055522918701172e+00
3.747439384460449219e-02 4.400682449340820312e-02 1.124804019927978516e-01 9.228754043579101562e-01 8.969774723052978516e+00
3.787159919738769531e-02 4.401969909667968750e-02 1.121404170989990234e-01 9.171512126922607422e-01 8.924410104751586914e+00
3.800010681152343750e-02 4.378700256347656250e-02 1.111938953399658203e-01 9.098331928253173828e-01 9.059505701065063477e+00
3.804183006286621094e-02 4.382443428039550781e-02 1.111755371093750000e-01 9.008471965789794922e-01 8.955461263656616211e+00
3.976869583129882812e-02 4.420471191406250000e-02 1.114346981048583984e-01 9.044129848480224609e-01 8.951283693313598633e+00
3.780460357666015625e-02 4.430580139160156250e-02 1.094715595245361328e-01 9.032585620880126953e-01 8.941577434539794922e+00
3.911209106445312500e-02 4.396462440490722656e-02 1.105766296386718750e-01 9.029929637908935547e-01 8.954946041107177734e+00
3.785443305969238281e-02 4.416799545288085938e-02 1.110687255859375000e-01 9.053089618682861328e-01 8.932510375976562500e+00
3.897786140441894531e-02 4.464316368103027344e-02 1.096646785736083984e-01 9.320421218872070312e-01 8.925595998764038086e+00
3.828144073486328125e-02 4.440879821777343750e-02 1.107614040374755859e-01 9.092235565185546875e-01 8.926210165023803711e+00
3.800749778747558594e-02 4.397797584533691406e-02 1.113362312316894531e-01 9.197068214416503906e-01 8.921782016754150391e+00
3.919076919555664062e-02 4.379129409790039062e-02 1.118471622467041016e-01 9.121217727661132812e-01 8.940507888793945312e+00
3.794240951538085938e-02 4.391479492187500000e-02 1.103680133819580078e-01 9.029140472412109375e-01 8.946866035461425781e+00
3.885245323181152344e-02 4.546189308166503906e-02 1.153066158294677734e-01 9.148631095886230469e-01 8.944282770156860352e+00
3.821182250976562500e-02 4.455494880676269531e-02 1.158530712127685547e-01 9.351818561553955078e-01 8.943417072296142578e+00
3.731155395507812500e-02 4.481673240661621094e-02 1.146337985992431641e-01 9.122641086578369141e-01 8.940481424331665039e+00
3.751754760742187500e-02 4.392194747924804688e-02 1.121981143951416016e-01 8.982760906219482422e-01 8.954582214355468750e+00
3.838944435119628906e-02 4.376149177551269531e-02 1.113989353179931641e-01 9.027717113494873047e-01 8.932095766067504883e+00
3.750872611999511719e-02 4.352951049804687500e-02 1.140346527099609375e-01 9.097414016723632812e-01 8.971968173980712891e+00
3.874063491821289062e-02 4.407644271850585938e-02 1.108691692352294922e-01 9.221568107604980469e-01 8.939798355102539062e+00
3.759908676147460938e-02 4.418516159057617188e-02 1.147754192352294922e-01 9.125707149505615234e-01 8.936561822891235352e+00
3.737401962280273438e-02 4.525589942932128906e-02 1.127564907073974609e-01 9.043145179748535156e-01 8.954269409179687500e+00
3.761029243469238281e-02 4.535603523254394531e-02 1.118619441986083984e-01 9.338645935058593750e-01 8.952828645706176758e+00
3.868198394775390625e-02 4.601955413818359375e-02 1.117801666259765625e-01 9.372668266296386719e-01 8.960765838623046875e+00
3.756594657897949219e-02 4.624700546264648438e-02 1.131172180175781250e-01 9.090425968170166016e-01 8.939631223678588867e+00
3.881812095642089844e-02 4.603028297424316406e-02 1.140582561492919922e-01 9.210600852966308594e-01 8.949739933013916016e+00
3.771662712097167969e-02 4.616594314575195312e-02 1.118955612182617188e-01 9.194211959838867188e-01 8.921794414520263672e+00
3.746724128723144531e-02 4.585790634155273438e-02 1.140446662902832031e-01 9.275717735290527344e-01 8.945994138717651367e+00
3.748369216918945312e-02 4.599714279174804688e-02 1.146304607391357422e-01 9.540126323699951172e-01 8.936083555221557617e+00
3.734588623046875000e-02 4.576444625854492188e-02 1.125242710113525391e-01 9.294264316558837891e-01 8.935766458511352539e+00
3.731918334960937500e-02 4.590034484863281250e-02 1.139943599700927734e-01 9.433698654174804688e-01 8.965083122253417969e+00
3.752541542053222656e-02 4.600501060485839844e-02 1.145105361938476562e-01 9.229958057403564453e-01 8.933414459228515625e+00
3.861761093139648438e-02 4.579305648803710938e-02 1.123063564300537109e-01 8.975071907043457031e-01 8.936969518661499023e+00
3.765583038330078125e-02 4.554247856140136719e-02 1.130204200744628906e-01 8.976545333862304688e-01 8.898164272308349609e+00
3.721237182617187500e-02 4.489493370056152344e-02 1.143114566802978516e-01 8.905344009399414062e-01 9.217911720275878906e+00
3.778386116027832031e-02 4.458594322204589844e-02 1.119961738586425781e-01 8.842225074768066406e-01 9.014853000640869141e+00
3.736710548400878906e-02 4.487943649291992188e-02 1.110541820526123047e-01 8.840045928955078125e-01 8.945321083068847656e+00
3.950166702270507812e-02 4.589152336120605469e-02 1.116597652435302734e-01 8.863656520843505859e-01 8.921368598937988281e+00
3.853774070739746094e-02 4.589557647705078125e-02 1.099357604980468750e-01 8.761193752288818359e-01 8.895255804061889648e+00
3.837370872497558594e-02 4.543995857238769531e-02 1.122808456420898438e-01 8.798339366912841797e-01 9.064673423767089844e+00
3.988552093505859375e-02 4.502058029174804688e-02 1.118860244750976562e-01 8.754856586456298828e-01 9.466046571731567383e+00
3.898763656616210938e-02 4.491066932678222656e-02 1.120185852050781250e-01 8.743669986724853516e-01 9.204886198043823242e+00
3.871846199035644531e-02 4.466700553894042969e-02 1.110668182373046875e-01 8.795549869537353516e-01 9.176709175109863281e+00
3.960585594177246094e-02 4.491519927978515625e-02 1.112632751464843750e-01 8.748865127563476562e-01 9.297292232513427734e+00
3.969311714172363281e-02 4.514694213867187500e-02 1.115880012512207031e-01 8.652071952819824219e-01 8.971251487731933594e+00
3.834772109985351562e-02 4.538106918334960938e-02 1.130475997924804688e-01 8.686287403106689453e-01 8.915775775909423828e+00
3.865933418273925781e-02 4.549145698547363281e-02 1.111874580383300781e-01 8.810636997222900391e-01 8.932625770568847656e+00
3.869056701660156250e-02 4.536724090576171875e-02 1.120252609252929688e-01 8.722362518310546875e-01 8.931803226470947266e+00
3.840661048889160156e-02 4.489755630493164062e-02 1.115922927856445312e-01 8.694844245910644531e-01 8.886298179626464844e+00
3.827738761901855469e-02 4.483938217163085938e-02 1.101365089416503906e-01 8.648934364318847656e-01 8.902025699615478516e+00
3.810119628906250000e-02 4.523038864135742188e-02 1.108300685882568359e-01 8.602230548858642578e-01 8.885296821594238281e+00
3.822469711303710938e-02 4.480957984924316406e-02 1.110301017761230469e-01 8.653955459594726562e-01 8.888964414596557617e+00
3.804659843444824219e-02 4.489374160766601562e-02 1.117708683013916016e-01 8.616058826446533203e-01 8.909967899322509766e+00
3.910684585571289062e-02 4.430747032165527344e-02 1.112921237945556641e-01 8.612074851989746094e-01 8.862548589706420898e+00
3.909206390380859375e-02 4.405188560485839844e-02 1.116995811462402344e-01 8.521456718444824219e-01 8.916553735733032227e+00
3.861117362976074219e-02 4.429292678833007812e-02 1.123123168945312500e-01 8.587877750396728516e-01 8.829799413681030273e+00
3.867006301879882812e-02 4.388880729675292969e-02 1.115016937255859375e-01 8.524968624114990234e-01 8.866928339004516602e+00
3.866291046142578125e-02 4.386830329895019531e-02 1.115033626556396484e-01 8.535022735595703125e-01 8.819174528121948242e+00
3.846669197082519531e-02 4.394721984863281250e-02 1.116816997528076172e-01 8.547940254211425781e-01 8.851610660552978516e+00
3.896450996398925781e-02 4.373741149902343750e-02 1.099145412445068359e-01 8.578710556030273438e-01 8.806249380111694336e+00
3.872680664062500000e-02 4.394674301147460938e-02 1.120600700378417969e-01 8.530378341674804688e-01 8.818845987319946289e+00
3.908824920654296875e-02 4.375052452087402344e-02 1.101946830749511719e-01 8.519933223724365234e-01 8.775107145309448242e+00
3.931951522827148438e-02 4.395008087158203125e-02 1.116509437561035156e-01 8.513438701629638672e-01 8.852420091629028320e+00
3.912472724914550781e-02 4.392528533935546875e-02 1.131160259246826172e-01 8.520212173461914062e-01 8.890911340713500977e+00
3.873562812805175781e-02 4.360914230346679688e-02 1.148345470428466797e-01 8.511061668395996094e-01 8.814584493637084961e+00
3.892540931701660156e-02 4.394531250000000000e-02 1.124458312988281250e-01 8.503901958465576172e-01 8.816416740417480469e+00
4.012346267700195312e-02 4.361534118652343750e-02 1.138906478881835938e-01 8.711321353912353516e-01 8.835355997085571289e+00
4.124069213867187500e-02 4.414987564086914062e-02 1.110501289367675781e-01 8.551619052886962891e-01 8.829234123229980469e+00
4.069519042968750000e-02 4.362821578979492188e-02 1.117186546325683594e-01 8.550202846527099609e-01 8.859395265579223633e+00
4.069256782531738281e-02 4.357385635375976562e-02 1.115276813507080078e-01 8.542969226837158203e-01 8.824594974517822266e+00
4.061913490295410156e-02 4.394769668579101562e-02 1.117942333221435547e-01 8.500723838806152344e-01 8.834331512451171875e+00
4.021310806274414062e-02 4.390263557434082031e-02 1.123259067535400391e-01 8.544554710388183594e-01 8.844926834106445312e+00
3.960156440734863281e-02 4.384684562683105469e-02 1.113560199737548828e-01 8.536438941955566406e-01 8.816439867019653320e+00
3.996038436889648438e-02 4.438519477844238281e-02 1.111609935760498047e-01 8.502874374389648438e-01 8.809072017669677734e+00
3.889179229736328125e-02 4.483914375305175781e-02 1.101007461547851562e-01 8.532865047454833984e-01 8.783690452575683594e+00
3.889393806457519531e-02 4.533267021179199219e-02 1.126973628997802734e-01 8.619036674499511719e-01 8.852658987045288086e+00
3.826165199279785156e-02 4.625344276428222656e-02 1.142818927764892578e-01 8.659126758575439453e-01 8.877598285675048828e+00
3.811001777648925781e-02 4.537487030029296875e-02 1.123507022857666016e-01 8.580627441406250000e-01 8.857681989669799805e+00
3.771710395812988281e-02 4.559183120727539062e-02 1.114628314971923828e-01 8.591358661651611328e-01 8.871998548507690430e+00
3.757023811340332031e-02 4.595255851745605469e-02 1.110994815826416016e-01 8.555235862731933594e-01 8.904522657394409180e+00
3.752756118774414062e-02 4.594397544860839844e-02 1.114535331726074219e-01 8.519487380981445312e-01 8.888400554656982422e+00
3.778791427612304688e-02 4.581427574157714844e-02 1.117715835571289062e-01 8.645296096801757812e-01 8.847139835357666016e+00
3.812551498413085938e-02 4.552173614501953125e-02 1.116108894348144531e-01 8.683722019195556641e-01 8.864087581634521484e+00
3.809046745300292969e-02 4.488945007324218750e-02 1.115760803222656250e-01 8.558845520019531250e-01 8.958412885665893555e+00
3.827571868896484375e-02 4.582786560058593750e-02 1.110596656799316406e-01 8.577535152435302734e-01 8.842789411544799805e+00
3.804469108581542969e-02 4.598569869995117188e-02 1.097331047058105469e-01 8.584098815917968750e-01 9.053171873092651367e+00
3.795909881591796875e-02 4.565238952636718750e-02 1.115913391113281250e-01 8.468165397644042969e-01 9.092890739440917969e+00
3.889107704162597656e-02 4.526138305664062500e-02 1.097865104675292969e-01 8.557155132293701172e-01 9.035740375518798828e+00
3.892493247985839844e-02 4.631400108337402344e-02 1.115810871124267578e-01 8.485295772552490234e-01 9.008927345275878906e+00
3.887486457824707031e-02 5.098032951354980469e-02 1.112904548645019531e-01 8.518130779266357422e-01 9.021187543869018555e+00
3.877854347229003906e-02 5.342745780944824219e-02 1.116306781768798828e-01 8.451225757598876953e-01 9.016944169998168945e+00
3.856372833251953125e-02 4.646229743957519531e-02 1.114404201507568359e-01 8.450081348419189453e-01 9.021245002746582031e+00
3.892111778259277344e-02 4.580116271972656250e-02 1.120941638946533203e-01 8.448977470397949219e-01 9.001640319824218750e+00
3.826284408569335938e-02 4.517698287963867188e-02 1.097676753997802734e-01 8.468871116638183594e-01 8.991882085800170898e+00
3.822588920593261719e-02 4.451012611389160156e-02 1.116502285003662109e-01 8.495349884033203125e-01 9.018431425094604492e+00
3.828287124633789062e-02 4.462313652038574219e-02 1.147933006286621094e-01 8.489017486572265625e-01 9.017196893692016602e+00
3.818750381469726562e-02 4.502940177917480469e-02 1.120185852050781250e-01 8.534393310546875000e-01 9.007743358612060547e+00
3.765702247619628906e-02 4.530096054077148438e-02 1.140434741973876953e-01 8.440830707550048828e-01 9.034878492355346680e+00
3.769659996032714844e-02 4.504680633544921875e-02 1.158664226531982422e-01 8.467125892639160156e-01 9.004512310028076172e+00
3.736877441406250000e-02 4.472637176513671875e-02 1.137375831604003906e-01 8.467981815338134766e-01 9.060938358306884766e+00
3.805160522460937500e-02 4.485011100769042969e-02 1.160547733306884766e-01 8.477106094360351562e-01 8.994561910629272461e+00
3.886985778808593750e-02 4.472136497497558594e-02 1.150395870208740234e-01 8.516986370086669922e-01 9.027217388153076172e+00
3.888916969299316406e-02 4.482173919677734375e-02 1.146912574768066406e-01 8.438529968261718750e-01 9.025331974029541016e+00
3.858900070190429688e-02 4.487967491149902344e-02 1.133327484130859375e-01 8.409924507141113281e-01 9.067974090576171875e+00
3.870201110839843750e-02 4.476737976074218750e-02 1.138875484466552734e-01 8.613064289093017578e-01 8.980453729629516602e+00
4.005360603332519531e-02 4.484963417053222656e-02 1.138451099395751953e-01 8.421208858489990234e-01 9.009603023529052734e+00
3.874611854553222656e-02 4.515314102172851562e-02 1.118855476379394531e-01 8.468964099884033203e-01 9.029113531112670898e+00
3.846764564514160156e-02 4.480814933776855469e-02 1.128358840942382812e-01 8.508450984954833984e-01 9.033509492874145508e+00
4.141283035278320312e-02 4.449224472045898438e-02 1.107573509216308594e-01 8.466081619262695312e-01 9.080385923385620117e+00
3.910970687866210938e-02 4.409050941467285156e-02 1.130433082580566406e-01 8.472483158111572266e-01 9.040770053863525391e+00
3.789091110229492188e-02 4.438447952270507812e-02 1.148574352264404297e-01 8.556635379791259766e-01 9.000205993652343750e+00
3.744626045227050781e-02 4.439425468444824219e-02 1.150176525115966797e-01 8.534600734710693359e-01 9.016402006149291992e+00
3.748798370361328125e-02 4.480266571044921875e-02 1.148209571838378906e-01 8.635091781616210938e-01 9.018780231475830078e+00
3.800392150878906250e-02 4.503417015075683594e-02 1.121242046356201172e-01 8.534843921661376953e-01 9.001767873764038086e+00
3.801274299621582031e-02 4.461216926574707031e-02 1.151742935180664062e-01 8.604118824005126953e-01 9.022187948226928711e+00
3.812432289123535156e-02 4.488039016723632812e-02 1.122803688049316406e-01 8.653302192687988281e-01 9.015407562255859375e+00
3.758668899536132812e-02 4.444956779479980469e-02 1.119620800018310547e-01 8.552136421203613281e-01 9.022834539413452148e+00
3.748464584350585938e-02 4.475712776184082031e-02 1.120424270629882812e-01 8.549757003784179688e-01 9.015388488769531250e+00
3.744029998779296875e-02 4.458236694335937500e-02 1.098294258117675781e-01 8.461954593658447266e-01 9.082717180252075195e+00
3.759980201721191406e-02 4.535245895385742188e-02 1.156451702117919922e-01 8.444154262542724609e-01 9.086277008056640625e+00
3.787374496459960938e-02 4.456377029418945312e-02 1.149258613586425781e-01 8.439331054687500000e-01 9.118794441223144531e+00
3.923726081848144531e-02 4.434680938720703125e-02 1.142017841339111328e-01 8.443892002105712891e-01 9.146873950958251953e+00
3.805756568908691406e-02 4.412102699279785156e-02 1.126616001129150391e-01 8.519077301025390625e-01 9.133079290390014648e+00
3.748607635498046875e-02 4.397988319396972656e-02 1.145129203796386719e-01 8.420357704162597656e-01 9.145578384399414062e+00
3.736019134521484375e-02 4.390573501586914062e-02 1.122312545776367188e-01 8.510456085205078125e-01 9.113303899765014648e+00
3.709745407104492188e-02 4.427766799926757812e-02 1.134936809539794922e-01 8.393583297729492188e-01 9.126129865646362305e+00
3.733897209167480469e-02 4.451465606689453125e-02 1.128313541412353516e-01 8.462982177734375000e-01 9.131584882736206055e+00
3.840208053588867188e-02 4.604983329772949219e-02 1.124691963195800781e-01 8.380429744720458984e-01 9.147133827209472656e+00
3.878784179687500000e-02 4.588556289672851562e-02 1.121928691864013672e-01 8.361477851867675781e-01 9.141049623489379883e+00
3.926992416381835938e-02 4.558587074279785156e-02 1.148076057434082031e-01 8.441417217254638672e-01 9.100434780120849609e+00
3.851175308227539062e-02 4.634928703308105469e-02 1.122539043426513672e-01 8.410024642944335938e-01 9.106601953506469727e+00
3.881955146789550781e-02 4.581761360168457031e-02 1.118209362030029297e-01 8.398902416229248047e-01 8.941812276840209961e+00
3.834700584411621094e-02 4.594612121582031250e-02 1.113989353179931641e-01 8.397312164306640625e-01 8.967016458511352539e+00
3.849816322326660156e-02 4.606723785400390625e-02 1.097669601440429688e-01 8.457632064819335938e-01 8.961027145385742188e+00
4.105424880981445312e-02 4.574704170227050781e-02 1.137671470642089844e-01 8.416109085083007812e-01 9.008922100067138672e+00
3.891968727111816406e-02 4.612851142883300781e-02 1.116590499877929688e-01 8.365902900695800781e-01 8.988469362258911133e+00
3.884935379028320312e-02 4.585862159729003906e-02 1.112277507781982422e-01 8.424665927886962891e-01 9.179267883300781250e+00
3.851175308227539062e-02 4.562807083129882812e-02 1.124188899993896484e-01 8.399510383605957031e-01 8.966921806335449219e+00
3.820991516113281250e-02 4.537320137023925781e-02 1.104245185852050781e-01 8.387382030487060547e-01 8.915665864944458008e+00
3.783297538757324219e-02 4.469084739685058594e-02 1.106314659118652344e-01 8.382089138031005859e-01 8.898746728897094727e+00
3.757214546203613281e-02 4.510807991027832031e-02 1.112434864044189453e-01 8.353776931762695312e-01 8.988575696945190430e+00
3.728103637695312500e-02 4.502201080322265625e-02 1.100986003875732422e-01 8.372609615325927734e-01 9.112723112106323242e+00
3.762745857238769531e-02 4.497504234313964844e-02 1.120743751525878906e-01 8.465158939361572266e-01 9.166505575180053711e+00
3.799104690551757812e-02 4.462385177612304688e-02 1.115992069244384766e-01 8.393721580505371094e-01 9.199955463409423828e+00
3.867745399475097656e-02 4.446244239807128906e-02 1.112074851989746094e-01 8.524024486541748047e-01 9.141375303268432617e+00
3.851890563964843750e-02 4.453015327453613281e-02 1.119854450225830078e-01 8.469357490539550781e-01 8.994928598403930664e+00
3.840565681457519531e-02 4.475665092468261719e-02 1.114890575408935547e-01 8.399949073791503906e-01 8.966019868850708008e+00
3.842496871948242188e-02 4.441642761230468750e-02 1.118257045745849609e-01 8.372340202331542969e-01 8.947997331619262695e+00
3.802347183227539062e-02 4.444599151611328125e-02 1.110219955444335938e-01 8.383555412292480469e-01 8.998276472091674805e+00
3.748488426208496094e-02 4.476189613342285156e-02 1.119120121002197266e-01 8.375401496887207031e-01 8.934793233871459961e+00
3.722190856933593750e-02 4.436993598937988281e-02 1.113991737365722656e-01 8.361167907714843750e-01 8.981289148330688477e+00
3.718614578247070312e-02 4.457330703735351562e-02 1.119327545166015625e-01 8.360006809234619141e-01 8.916894197463989258e+00
3.780150413513183594e-02 4.462480545043945312e-02 1.117353439331054688e-01 8.405876159667968750e-01 8.959008216857910156e+00
3.804564476013183594e-02 4.457426071166992188e-02 1.118974685668945312e-01 8.354976177215576172e-01 8.904600381851196289e+00
3.790116310119628906e-02 4.438471794128417969e-02 1.102771759033203125e-01 8.594589233398437500e-01 8.916103363037109375e+00
3.774237632751464844e-02 4.458999633789062500e-02 1.120276451110839844e-01 8.384919166564941406e-01 8.908224582672119141e+00
3.761506080627441406e-02 4.487037658691406250e-02 1.121530532836914062e-01 8.385479450225830078e-01 8.921847820281982422e+00
4.049944877624511719e-02 4.446077346801757812e-02 1.112728118896484375e-01 8.352313041687011719e-01 8.890186548233032227e+00
3.909254074096679688e-02 4.543042182922363281e-02 1.117868423461914062e-01 8.389148712158203125e-01 8.929753303527832031e+00
3.787279129028320312e-02 4.634213447570800781e-02 1.124198436737060547e-01 8.359584808349609375e-01 8.967965602874755859e+00
3.817462921142578125e-02 4.577589035034179688e-02 1.109137535095214844e-01 8.397703170776367188e-01 8.911585092544555664e+00
3.816699981689453125e-02 4.585957527160644531e-02 1.114797592163085938e-01 8.371288776397705078e-01 8.871715307235717773e+00
3.742408752441406250e-02 4.600524902343750000e-02 1.122910976409912109e-01 8.463127613067626953e-01 8.886755228042602539e+00
3.740739822387695312e-02 4.605937004089355469e-02 1.117484569549560547e-01 8.413679599761962891e-01 8.924219608306884766e+00
3.727412223815917969e-02 4.536461830139160156e-02 1.117463111877441406e-01 8.380687236785888672e-01 8.936563730239868164e+00
3.740596771240234375e-02 4.494142532348632812e-02 1.117987632751464844e-01 8.363559246063232422e-01 8.952829360961914062e+00
3.753542900085449219e-02 4.492831230163574219e-02 1.103935241699218750e-01 8.450996875762939453e-01 8.940526962280273438e+00
3.758859634399414062e-02 4.476380348205566406e-02 1.117715835571289062e-01 8.535690307617187500e-01 8.932833194732666016e+00
3.730344772338867188e-02 4.485845565795898438e-02 1.111652851104736328e-01 8.463299274444580078e-01 8.922891855239868164e+00
3.730082511901855469e-02 4.512119293212890625e-02 1.161136627197265625e-01 8.479547500610351562e-01 8.924682617187500000e+00
3.759598731994628906e-02 4.555678367614746094e-02 1.138312816619873047e-01 8.451764583587646484e-01 8.913869619369506836e+00
3.744363784790039062e-02 4.531979560852050781e-02 1.141464710235595703e-01 8.400259017944335938e-01 8.909887790679931641e+00
3.741145133972167969e-02 4.524683952331542969e-02 1.124913692474365234e-01 8.551323413848876953e-01 8.904036760330200195e+00
3.754448890686035156e-02 4.509282112121582031e-02 1.121222972869873047e-01 8.558683395385742188e-01 8.906128406524658203e+00
3.754234313964843750e-02 4.481625556945800781e-02 1.115663051605224609e-01 8.476965427398681641e-01 8.884948968887329102e+00
3.733205795288085938e-02 4.432535171508789062e-02 1.112062931060791016e-01 8.516077995300292969e-01 9.786658287048339844e+00
3.777146339416503906e-02 4.481148719787597656e-02 1.112260818481445312e-01 8.470771312713623047e-01 8.900062084197998047e+00
3.739142417907714844e-02 4.427456855773925781e-02 1.111462116241455078e-01 8.469285964965820312e-01 8.852762222290039062e+00
3.744602203369140625e-02 4.463744163513183594e-02 1.122474670410156250e-01 8.455276489257812500e-01 8.927335023880004883e+00
3.791713714599609375e-02 4.459190368652343750e-02 1.131365299224853516e-01 8.535127639770507812e-01 8.942958354949951172e+00
3.739953041076660156e-02 4.467916488647460938e-02 1.120851039886474609e-01 8.367350101470947266e-01 8.918488740921020508e+00
