2.944564819335937500e-02 1.442432403564453125e-02 1.588463783264160156e-02 4.822325706481933594e-02 4.029071331024169922e-01
1.294088363647460938e-02 1.288509368896484375e-02 1.537013053894042969e-02 4.671859741210937500e-02 4.014916419982910156e-01
1.248145103454589844e-02 1.353573799133300781e-02 1.446032524108886719e-02 4.610729217529296875e-02 3.738474845886230469e-01
1.266670227050781250e-02 1.331138610839843750e-02 1.424956321716308594e-02 4.640221595764160156e-02 3.461494445800781250e-01
1.366257667541503906e-02 1.280546188354492188e-02 1.375174522399902344e-02 4.359626770019531250e-02 3.586113452911376953e-01
1.357436180114746094e-02 1.253008842468261719e-02 1.375675201416015625e-02 4.313302040100097656e-02 3.395380973815917969e-01
1.312613487243652344e-02 1.310777664184570312e-02 1.375007629394531250e-02 4.519295692443847656e-02 3.696837425231933594e-01
1.268863677978515625e-02 1.273465156555175781e-02 1.370072364807128906e-02 4.283142089843750000e-02 3.495559692382812500e-01
1.383423805236816406e-02 1.256561279296875000e-02 1.472616195678710938e-02 4.220509529113769531e-02 3.445310592651367188e-01
1.355242729187011719e-02 1.308488845825195312e-02 1.396536827087402344e-02 4.303693771362304688e-02 3.413286209106445312e-01
1.352596282958984375e-02 1.320600509643554688e-02 1.428318023681640625e-02 4.278635978698730469e-02 3.425495624542236328e-01
1.323127746582031250e-02 1.275706291198730469e-02 1.564598083496093750e-02 4.196119308471679688e-02 3.428707122802734375e-01
1.286149024963378906e-02 1.325416564941406250e-02 1.448822021484375000e-02 4.410982131958007812e-02 3.446381092071533203e-01
1.267910003662109375e-02 1.269054412841796875e-02 1.408171653747558594e-02 4.268670082092285156e-02 3.382067680358886719e-01
1.235318183898925781e-02 1.286125183105468750e-02 1.385259628295898438e-02 4.223299026489257812e-02 3.466279506683349609e-01
1.239728927612304688e-02 1.264929771423339844e-02 1.483106613159179688e-02 4.210233688354492188e-02 3.451333045959472656e-01
1.227664947509765625e-02 1.256084442138671875e-02 1.403021812438964844e-02 4.255938529968261719e-02 3.398416042327880859e-01
1.229071617126464844e-02 1.239848136901855469e-02 1.369452476501464844e-02 4.301905632019042969e-02 3.380024433135986328e-01
1.238584518432617188e-02 1.282739639282226562e-02 1.371908187866210938e-02 4.248833656311035156e-02 3.457558155059814453e-01
1.245903968811035156e-02 1.249861717224121094e-02 1.442384719848632812e-02 4.314613342285156250e-02 3.501992225646972656e-01
1.269006729125976562e-02 1.319289207458496094e-02 1.465010643005371094e-02 4.333305358886718750e-02 3.450975418090820312e-01
1.300334930419921875e-02 1.231002807617187500e-02 1.395297050476074219e-02 4.308295249938964844e-02 3.408985137939453125e-01
1.426434516906738281e-02 1.274108886718750000e-02 1.402425765991210938e-02 4.202771186828613281e-02 3.381521701812744141e-01
1.350188255310058594e-02 1.345205307006835938e-02 1.408481597900390625e-02 4.218363761901855469e-02 3.377263545989990234e-01
1.258921623229980469e-02 1.369428634643554688e-02 1.501822471618652344e-02 4.269981384277343750e-02 3.385457992553710938e-01
1.266908645629882812e-02 1.284837722778320312e-02 1.450777053833007812e-02 4.271459579467773438e-02 3.489053249359130859e-01
1.268434524536132812e-02 1.415324211120605469e-02 1.441979408264160156e-02 4.345726966857910156e-02 3.402755260467529297e-01
1.249098777770996094e-02 1.432037353515625000e-02 1.388645172119140625e-02 4.213023185729980469e-02 3.375949859619140625e-01
1.246643066406250000e-02 1.294350624084472656e-02 1.456189155578613281e-02 4.210448265075683594e-02 3.392758369445800781e-01
1.238083839416503906e-02 1.323366165161132812e-02 1.411914825439453125e-02 4.251551628112792969e-02 3.422675132751464844e-01
1.248812675476074219e-02 1.393961906433105469e-02 1.441478729248046875e-02 4.254221916198730469e-02 3.414499759674072266e-01
1.293969154357910156e-02 1.268887519836425781e-02 1.457834243774414062e-02 4.316401481628417969e-02 3.457276821136474609e-01
1.419401168823242188e-02 1.469111442565917969e-02 1.389026641845703125e-02 4.241681098937988281e-02 3.486063480377197266e-01
1.282405853271484375e-02 1.324892044067382812e-02 1.455998420715332031e-02 4.290127754211425781e-02 3.676385879516601562e-01
1.269674301147460938e-02 1.236462593078613281e-02 1.528453826904296875e-02 4.203081130981445312e-02 3.462362289428710938e-01
1.240253448486328125e-02 1.232552528381347656e-02 1.409459114074707031e-02 4.261422157287597656e-02 3.452804088592529297e-01
1.304674148559570312e-02 1.229166984558105469e-02 1.397585868835449219e-02 4.245972633361816406e-02 3.465285301208496094e-01
1.336574554443359375e-02 1.238942146301269531e-02 1.400732994079589844e-02 4.298925399780273438e-02 3.519272804260253906e-01
1.325869560241699219e-02 1.239371299743652344e-02 1.365900039672851562e-02 4.270553588867187500e-02 3.460168838500976562e-01
1.268267631530761719e-02 1.286244392395019531e-02 1.372504234313964844e-02 4.310059547424316406e-02 3.505413532257080078e-01
1.262569427490234375e-02 1.351332664489746094e-02 1.370406150817871094e-02 4.389715194702148438e-02 3.469946384429931641e-01
1.400947570800781250e-02 1.338434219360351562e-02 1.369857788085937500e-02 4.562854766845703125e-02 3.572125434875488281e-01
1.269769668579101562e-02 1.328539848327636719e-02 1.361989974975585938e-02 4.197335243225097656e-02 3.474009037017822266e-01
1.260662078857421875e-02 1.280879974365234375e-02 1.464915275573730469e-02 4.267191886901855469e-02 3.775317668914794922e-01
1.303172111511230469e-02 1.274156570434570312e-02 1.498556137084960938e-02 4.299759864807128906e-02 3.730199337005615234e-01
1.256012916564941406e-02 1.271128654479980469e-02 1.430487632751464844e-02 4.369568824768066406e-02 3.687345981597900391e-01
1.346969604492187500e-02 1.235008239746093750e-02 1.504492759704589844e-02 4.292798042297363281e-02 3.395485877990722656e-01
1.308989524841308594e-02 1.230812072753906250e-02 1.566100120544433594e-02 4.210877418518066406e-02 3.557724952697753906e-01
1.255798339843750000e-02 1.229524612426757812e-02 1.431179046630859375e-02 4.230284690856933594e-02 3.785257339477539062e-01
1.335334777832031250e-02 1.239633560180664062e-02 1.509571075439453125e-02 4.297518730163574219e-02 3.466300964355468750e-01
1.268506050109863281e-02 1.322436332702636719e-02 1.547670364379882812e-02 4.304957389831542969e-02 3.387975692749023438e-01
1.241087913513183594e-02 1.246094703674316406e-02 1.548242568969726562e-02 4.194045066833496094e-02 3.370156288146972656e-01
1.289439201354980469e-02 1.263570785522460938e-02 1.528215408325195312e-02 4.297637939453125000e-02 3.347401618957519531e-01
1.252388954162597656e-02 1.327443122863769531e-02 1.388144493103027344e-02 4.236268997192382812e-02 3.371996879577636719e-01
1.229524612426757812e-02 1.421689987182617188e-02 1.373744010925292969e-02 4.475259780883789062e-02 3.336031436920166016e-01
1.233816146850585938e-02 1.290416717529296875e-02 1.368069648742675781e-02 4.275441169738769531e-02 3.363606929779052734e-01
1.237249374389648438e-02 1.246476173400878906e-02 1.368451118469238281e-02 4.260373115539550781e-02 3.395705223083496094e-01
1.259517669677734375e-02 1.230144500732421875e-02 1.373434066772460938e-02 4.337906837463378906e-02 3.773820400238037109e-01
1.383829116821289062e-02 1.284813880920410156e-02 1.395916938781738281e-02 4.418683052062988281e-02 3.672080039978027344e-01
1.475954055786132812e-02 1.249599456787109375e-02 1.466894149780273438e-02 4.336857795715332031e-02 3.668861389160156250e-01
1.280570030212402344e-02 1.235389709472656250e-02 1.415228843688964844e-02 4.260969161987304688e-02 3.672256469726562500e-01
1.393175125122070312e-02 1.237320899963378906e-02 1.464939117431640625e-02 4.239487648010253906e-02 3.733615875244140625e-01
1.428318023681640625e-02 1.238822937011718750e-02 1.422929763793945312e-02 4.210376739501953125e-02 3.403861522674560547e-01
1.655292510986328125e-02 1.334333419799804688e-02 1.410794258117675781e-02 4.336500167846679688e-02 3.411507606506347656e-01
1.425194740295410156e-02 1.314640045166015625e-02 1.652479171752929688e-02 4.422783851623535156e-02 3.404073715209960938e-01
1.303362846374511719e-02 1.263689994812011719e-02 1.378798484802246094e-02 4.382729530334472656e-02 3.422453403472900391e-01
1.295375823974609375e-02 1.244211196899414062e-02 1.367115974426269531e-02 4.233789443969726562e-02 3.384103775024414062e-01
1.273298263549804688e-02 1.244497299194335938e-02 1.377558708190917969e-02 4.196906089782714844e-02 3.405101299285888672e-01
1.229953765869140625e-02 1.310348510742187500e-02 1.379990577697753906e-02 4.429244995117187500e-02 3.389678001403808594e-01
1.227760314941406250e-02 1.351070404052734375e-02 1.380372047424316406e-02 4.277348518371582031e-02 3.397955894470214844e-01
1.230645179748535156e-02 1.338696479797363281e-02 1.390504837036132812e-02 4.197621345520019531e-02 3.397948741912841797e-01
1.231217384338378906e-02 1.272654533386230469e-02 1.510286331176757812e-02 4.205250740051269531e-02 3.400657176971435547e-01
1.397776603698730469e-02 1.263666152954101562e-02 1.521563529968261719e-02 4.309320449829101562e-02 3.394086360931396484e-01
1.368165016174316406e-02 1.323485374450683594e-02 1.373076438903808594e-02 4.330492019653320312e-02 3.398416042327880859e-01
1.331901550292968750e-02 1.282906532287597656e-02 1.367545127868652344e-02 4.218387603759765625e-02 3.437314033508300781e-01
1.293826103210449219e-02 1.276421546936035156e-02 1.364564895629882812e-02 4.303574562072753906e-02 3.573045730590820312e-01
1.277565956115722656e-02 1.318335533142089844e-02 1.385712623596191406e-02 4.257225990295410156e-02 3.521475791931152344e-01
1.306247711181640625e-02 1.259851455688476562e-02 1.448559761047363281e-02 4.319667816162109375e-02 3.489186763763427734e-01
1.254844665527343750e-02 1.288723945617675781e-02 1.361894607543945312e-02 4.359817504882812500e-02 3.416128158569335938e-01
1.270413398742675781e-02 1.297760009765625000e-02 1.384544372558593750e-02 4.270315170288085938e-02 3.460836410522460938e-01
1.238727569580078125e-02 1.260542869567871094e-02 1.484036445617675781e-02 4.296302795410156250e-02 3.546264171600341797e-01
1.243805885314941406e-02 1.280689239501953125e-02 1.411437988281250000e-02 4.237461090087890625e-02 3.370182514190673828e-01
1.264309883117675781e-02 1.251173019409179688e-02 1.370024681091308594e-02 4.290032386779785156e-02 3.439247608184814453e-01
1.603436470031738281e-02 1.234960556030273438e-02 1.365137100219726562e-02 4.356288909912109375e-02 3.444638252258300781e-01
1.254153251647949219e-02 1.241326332092285156e-02 1.488924026489257812e-02 4.396581649780273438e-02 3.407976627349853516e-01
1.235556602478027344e-02 1.229214668273925781e-02 1.487660408020019531e-02 4.305005073547363281e-02 3.486139774322509766e-01
1.246380805969238281e-02 1.230692863464355469e-02 1.473450660705566406e-02 4.214572906494140625e-02 3.650853633880615234e-01
1.291990280151367188e-02 1.238560676574707031e-02 1.403403282165527344e-02 4.285979270935058594e-02 3.543832302093505859e-01
1.485681533813476562e-02 1.231741905212402344e-02 1.436042785644531250e-02 4.546928405761718750e-02 3.495829105377197266e-01
1.341891288757324219e-02 1.239800453186035156e-02 1.444721221923828125e-02 4.249644279479980469e-02 3.419172763824462891e-01
1.242208480834960938e-02 1.408958435058593750e-02 1.391625404357910156e-02 4.201817512512207031e-02 3.440637588500976562e-01
1.249217987060546875e-02 1.337790489196777344e-02 1.442575454711914062e-02 4.221367835998535156e-02 3.688580989837646484e-01
1.290988922119140625e-02 1.264500617980957031e-02 1.495385169982910156e-02 4.374265670776367188e-02 3.578627109527587891e-01
1.236867904663085938e-02 1.366376876831054688e-02 1.448369026184082031e-02 4.240894317626953125e-02 3.454132080078125000e-01
1.237583160400390625e-02 1.426386833190917969e-02 1.437902450561523438e-02 4.213213920593261719e-02 3.437950611114501953e-01
1.229429244995117188e-02 1.286554336547851562e-02 1.396918296813964844e-02 4.274988174438476562e-02 3.402214050292968750e-01
1.236200332641601562e-02 1.307439804077148438e-02 1.411414146423339844e-02 4.391431808471679688e-02 3.400413990020751953e-01
1.361632347106933594e-02 1.368188858032226562e-02 1.377153396606445312e-02 4.277157783508300781e-02 3.415453433990478516e-01
1.351571083068847656e-02 1.286530494689941406e-02 1.363492012023925781e-02 4.291296005249023438e-02 3.413527011871337891e-01
1.260280609130859375e-02 1.348137855529785156e-02 1.364588737487792969e-02 4.330158233642578125e-02 3.416566848754882812e-01
1.250982284545898438e-02 1.250886917114257812e-02 1.432466506958007812e-02 4.300475120544433594e-02 3.411083221435546875e-01
1.233959197998046875e-02 1.231002807617187500e-02 1.386547088623046875e-02 4.209423065185546875e-02 3.398833274841308594e-01
1.279354095458984375e-02 1.243448257446289062e-02 1.360154151916503906e-02 4.262876510620117188e-02 3.401544094085693359e-01
1.359939575195312500e-02 1.242256164550781250e-02 1.369547843933105469e-02 4.284095764160156250e-02 3.666620254516601562e-01
1.343035697937011719e-02 1.268887519836425781e-02 1.521539688110351562e-02 4.291892051696777344e-02 3.486585617065429688e-01
1.359987258911132812e-02 1.233386993408203125e-02 1.484918594360351562e-02 4.256319999694824219e-02 3.484344482421875000e-01
1.278257369995117188e-02 1.257967948913574219e-02 1.387810707092285156e-02 4.288935661315917969e-02 3.529386520385742188e-01
1.305747032165527344e-02 1.373195648193359375e-02 1.498746871948242188e-02 4.235911369323730469e-02 3.490269184112548828e-01
1.266932487487792969e-02 1.321649551391601562e-02 1.610922813415527344e-02 4.253935813903808594e-02 3.366904258728027344e-01
1.254296302795410156e-02 1.302504539489746094e-02 1.402640342712402344e-02 4.291081428527832031e-02 3.444783687591552734e-01
1.315975189208984375e-02 1.462888717651367188e-02 1.526904106140136719e-02 4.318380355834960938e-02 3.492941856384277344e-01
1.269221305847167969e-02 1.268768310546875000e-02 1.415586471557617188e-02 4.246926307678222656e-02 3.663759231567382812e-01
1.268625259399414062e-02 1.260781288146972656e-02 1.408505439758300781e-02 4.341888427734375000e-02 3.516530990600585938e-01
1.324868202209472656e-02 1.230978965759277344e-02 1.378011703491210938e-02 4.230284690856933594e-02 3.363754749298095703e-01
1.251912117004394531e-02 1.233410835266113281e-02 1.365470886230468750e-02 4.238748550415039062e-02 3.402245044708251953e-01
1.267981529235839844e-02 1.241278648376464844e-02 1.365160942077636719e-02 4.255509376525878906e-02 3.400452136993408203e-01
1.244044303894042969e-02 1.229882240295410156e-02 1.382184028625488281e-02 4.350161552429199219e-02 3.417391777038574219e-01
1.240754127502441406e-02 1.241350173950195312e-02 1.369786262512207031e-02 4.284644126892089844e-02 3.464946746826171875e-01
1.228785514831542969e-02 1.238012313842773438e-02 1.377487182617187500e-02 4.362225532531738281e-02 3.533101081848144531e-01
1.233458518981933594e-02 1.261067390441894531e-02 1.445698738098144531e-02 4.321408271789550781e-02 3.503017425537109375e-01
1.228094100952148438e-02 1.310992240905761719e-02 1.444268226623535156e-02 4.393911361694335938e-02 3.769538402557373047e-01
1.242232322692871094e-02 1.416468620300292969e-02 1.404094696044921875e-02 4.221677780151367188e-02 3.884160518646240234e-01
1.233220100402832031e-02 1.306557655334472656e-02 1.411247253417968750e-02 4.235076904296875000e-02 3.924033641815185547e-01
1.242637634277343750e-02 1.279115676879882812e-02 1.458930969238281250e-02 4.300594329833984375e-02 3.668615818023681641e-01
1.328539848327636719e-02 1.236987113952636719e-02 1.396703720092773438e-02 4.408121109008789062e-02 3.403220176696777344e-01
1.382350921630859375e-02 1.234078407287597656e-02 1.498937606811523438e-02 4.270315170288085938e-02 3.392372131347656250e-01
1.282906532287597656e-02 1.233601570129394531e-02 1.363849639892578125e-02 4.227232933044433594e-02 3.393154144287109375e-01
1.335191726684570312e-02 1.246929168701171875e-02 1.357626914978027344e-02 4.228281974792480469e-02 3.388843536376953125e-01
1.501369476318359375e-02 1.227402687072753906e-02 1.355218887329101562e-02 4.280591011047363281e-02 3.381712436676025391e-01
1.320147514343261719e-02 1.229047775268554688e-02 1.357197761535644531e-02 4.277324676513671875e-02 3.387880325317382812e-01
1.297593116760253906e-02 1.328468322753906250e-02 1.355051994323730469e-02 4.258751869201660156e-02 3.393352031707763672e-01
1.391148567199707031e-02 1.335597038269042969e-02 1.379179954528808594e-02 4.240894317626953125e-02 3.413980007171630859e-01
1.297020912170410156e-02 1.247692108154296875e-02 1.626205444335937500e-02 4.319810867309570312e-02 3.408968448638916016e-01
1.290893554687500000e-02 1.237630844116210938e-02 1.442980766296386719e-02 4.230046272277832031e-02 3.392980098724365234e-01
1.253581047058105469e-02 1.240587234497070312e-02 1.369547843933105469e-02 4.237508773803710938e-02 3.400418758392333984e-01
1.232528686523437500e-02 1.292681694030761719e-02 1.717495918273925781e-02 4.390907287597656250e-02 3.401303291320800781e-01
1.228404045104980469e-02 1.350665092468261719e-02 1.359057426452636719e-02 4.429960250854492188e-02 3.393423557281494141e-01
1.286578178405761719e-02 1.336455345153808594e-02 1.353335380554199219e-02 4.551410675048828125e-02 3.409914970397949219e-01
1.234531402587890625e-02 1.337718963623046875e-02 1.342821121215820312e-02 4.480624198913574219e-02 3.390746116638183594e-01
1.298570632934570312e-02 1.271033287048339844e-02 1.349043846130371094e-02 4.273557662963867188e-02 3.396220207214355469e-01
1.255059242248535156e-02 1.335239410400390625e-02 1.502466201782226562e-02 4.250907897949218750e-02 3.388321399688720703e-01
1.648902893066406250e-02 1.274657249450683594e-02 1.475763320922851562e-02 4.223895072937011719e-02 3.399448394775390625e-01
1.266288757324218750e-02 1.269364356994628906e-02 1.379704475402832031e-02 4.320287704467773438e-02 3.377466201782226562e-01
1.315236091613769531e-02 1.319909095764160156e-02 1.360821723937988281e-02 4.341173171997070312e-02 3.413834571838378906e-01
1.273870468139648438e-02 1.263928413391113281e-02 1.389455795288085938e-02 4.360985755920410156e-02 3.411054611206054688e-01
1.287364959716796875e-02 1.297807693481445312e-02 1.460242271423339844e-02 4.297971725463867188e-02 3.379940986633300781e-01
1.263380050659179688e-02 1.325035095214843750e-02 1.441001892089843750e-02 4.218435287475585938e-02 3.415243625640869141e-01
1.227784156799316406e-02 1.340651512145996094e-02 1.393485069274902344e-02 4.244828224182128906e-02 3.376498222351074219e-01
1.235342025756835938e-02 1.300120353698730469e-02 1.452445983886718750e-02 4.358482360839843750e-02 3.411433696746826172e-01
1.228237152099609375e-02 1.253938674926757812e-02 1.441574096679687500e-02 4.271721839904785156e-02 3.383939266204833984e-01
1.241779327392578125e-02 1.240563392639160156e-02 1.382207870483398438e-02 4.223275184631347656e-02 3.400108814239501953e-01
1.221299171447753906e-02 1.260161399841308594e-02 1.416206359863281250e-02 4.276657104492187500e-02 3.401482105255126953e-01
1.224684715270996094e-02 1.239228248596191406e-02 1.401591300964355469e-02 4.454731941223144531e-02 3.433301448822021484e-01
1.265549659729003906e-02 1.228165626525878906e-02 1.388430595397949219e-02 4.259490966796875000e-02 3.383293151855468750e-01
1.282572746276855469e-02 1.245045661926269531e-02 1.444935798645019531e-02 4.258537292480468750e-02 3.397650718688964844e-01
1.423311233520507812e-02 1.270842552185058594e-02 1.383876800537109375e-02 4.281592369079589844e-02 3.396663665771484375e-01
1.316165924072265625e-02 1.271510124206542969e-02 1.413822174072265625e-02 4.338359832763671875e-02 3.393437862396240234e-01
1.236414909362792969e-02 1.408147811889648438e-02 1.388263702392578125e-02 4.323172569274902344e-02 3.399765491485595703e-01
1.243734359741210938e-02 1.305294036865234375e-02 1.355504989624023438e-02 4.388356208801269531e-02 3.392679691314697266e-01
1.237273216247558594e-02 1.281166076660156250e-02 1.354742050170898438e-02 4.294800758361816406e-02 3.401389122009277344e-01
1.235985755920410156e-02 1.386260986328125000e-02 1.350927352905273438e-02 4.261374473571777344e-02 3.389294147491455078e-01
1.258587837219238281e-02 1.430058479309082031e-02 1.355290412902832031e-02 4.231524467468261719e-02 3.392436504364013672e-01
1.225066184997558594e-02 1.295900344848632812e-02 1.363778114318847656e-02 4.365253448486328125e-02 3.399019241333007812e-01
1.234364509582519531e-02 1.364135742187500000e-02 1.366305351257324219e-02 4.428505897521972656e-02 3.397579193115234375e-01
1.308917999267578125e-02 1.352286338806152344e-02 1.441502571105957031e-02 4.411196708679199219e-02 3.394615650177001953e-01
1.338386535644531250e-02 1.255321502685546875e-02 1.540970802307128906e-02 4.259181022644042969e-02 3.426153659820556641e-01
1.266145706176757812e-02 1.294445991516113281e-02 1.395225524902343750e-02 4.323244094848632812e-02 3.410384654998779297e-01
1.254844665527343750e-02 1.247382164001464844e-02 1.452779769897460938e-02 4.359984397888183594e-02 3.403351306915283203e-01
1.253724098205566406e-02 1.225519180297851562e-02 1.561546325683593750e-02 4.279708862304687500e-02 3.391208648681640625e-01
1.334881782531738281e-02 1.230216026306152344e-02 1.413702964782714844e-02 4.223895072937011719e-02 3.408339023590087891e-01
1.334738731384277344e-02 1.233005523681640625e-02 1.435184478759765625e-02 4.221796989440917969e-02 3.361008167266845703e-01
1.319789886474609375e-02 1.233935356140136719e-02 1.462864875793457031e-02 4.485201835632324219e-02 3.418247699737548828e-01
1.261949539184570312e-02 1.239180564880371094e-02 1.405000686645507812e-02 4.260754585266113281e-02 3.429806232452392578e-01
1.266717910766601562e-02 1.272511482238769531e-02 1.457333564758300781e-02 4.232645034790039062e-02 3.404226303100585938e-01
1.307797431945800781e-02 1.428985595703125000e-02 1.357746124267578125e-02 4.365301132202148438e-02 3.379898071289062500e-01
1.251530647277832031e-02 1.330590248107910156e-02 1.347756385803222656e-02 4.297709465026855469e-02 3.392565250396728516e-01
1.275181770324707031e-02 1.317334175109863281e-02 1.349592208862304688e-02 4.292082786560058594e-02 3.394420146942138672e-01
1.311159133911132812e-02 1.293039321899414062e-02 1.369428634643554688e-02 4.328274726867675781e-02 3.411185741424560547e-01
1.250362396240234375e-02 1.315140724182128906e-02 1.371765136718750000e-02 4.283642768859863281e-02 3.411333560943603516e-01
1.299166679382324219e-02 1.264333724975585938e-02 1.374673843383789062e-02 4.334974288940429688e-02 3.405137062072753906e-01
1.293802261352539062e-02 1.233100891113281250e-02 1.525115966796875000e-02 4.256749153137207031e-02 3.399181365966796875e-01
1.263546943664550781e-02 1.238846778869628906e-02 1.421213150024414062e-02 4.255890846252441406e-02 3.400864601135253906e-01
1.284813880920410156e-02 1.238417625427246094e-02 1.438021659851074219e-02 4.338192939758300781e-02 3.397860527038574219e-01
1.246261596679687500e-02 1.237249374389648438e-02 1.382541656494140625e-02 4.400396347045898438e-02 3.395957946777343750e-01
1.238203048706054688e-02 1.234912872314453125e-02 1.387763023376464844e-02 4.279112815856933594e-02 3.394131660461425781e-01
1.311373710632324219e-02 1.247167587280273438e-02 1.357746124267578125e-02 4.322052001953125000e-02 3.394927978515625000e-01
1.236915588378906250e-02 1.267695426940917969e-02 1.342272758483886719e-02 4.237484931945800781e-02 3.416242599487304688e-01
1.396942138671875000e-02 1.327395439147949219e-02 1.379513740539550781e-02 4.273128509521484375e-02 3.386578559875488281e-01
1.221847534179687500e-02 1.504731178283691406e-02 1.377296447753906250e-02 4.277324676513671875e-02 3.389363288879394531e-01
1.248645782470703125e-02 1.359272003173828125e-02 1.343464851379394531e-02 4.220080375671386719e-02 3.403556346893310547e-01
1.258397102355957031e-02 1.240968704223632812e-02 1.358151435852050781e-02 4.225039482116699219e-02 3.392827510833740234e-01
1.378202438354492188e-02 1.244592666625976562e-02 1.377558708190917969e-02 4.456996917724609375e-02 3.362789154052734375e-01
1.329135894775390625e-02 1.236081123352050781e-02 1.426243782043457031e-02 4.246997833251953125e-02 3.382914066314697266e-01
1.297497749328613281e-02 1.243543624877929688e-02 1.516175270080566406e-02 4.229426383972167969e-02 3.471555709838867188e-01
1.375579833984375000e-02 1.236057281494140625e-02 1.387166976928710938e-02 4.307365417480468750e-02 3.389198780059814453e-01
1.415538787841796875e-02 1.268482208251953125e-02 1.360225677490234375e-02 4.345679283142089844e-02 3.379817008972167969e-01
1.288700103759765625e-02 1.243448257446289062e-02 1.381111145019531250e-02 4.331254959106445312e-02 3.377423286437988281e-01
1.353049278259277344e-02 1.366353034973144531e-02 1.419830322265625000e-02 4.337382316589355469e-02 3.407900333404541016e-01
1.345109939575195312e-02 1.331043243408203125e-02 1.347327232360839844e-02 4.326510429382324219e-02 3.395056724548339844e-01
1.266193389892578125e-02 1.248383522033691406e-02 1.358747482299804688e-02 4.424476623535156250e-02 3.401577472686767578e-01
1.322531700134277344e-02 1.252126693725585938e-02 1.355266571044921875e-02 4.251813888549804688e-02 3.394739627838134766e-01
1.241278648376464844e-02 1.266932487487792969e-02 1.442384719848632812e-02 4.242610931396484375e-02 3.393630981445312500e-01
1.228094100952148438e-02 1.362586021423339844e-02 1.433873176574707031e-02 4.304528236389160156e-02 3.405177593231201172e-01
1.253581047058105469e-02 1.349258422851562500e-02 1.365971565246582031e-02 4.300880432128906250e-02 3.389985561370849609e-01
1.247692108154296875e-02 1.303815841674804688e-02 1.461410522460937500e-02 4.277324676513671875e-02 3.400707244873046875e-01
1.238083839416503906e-02 1.265215873718261719e-02 1.401996612548828125e-02 4.591894149780273438e-02 3.399393558502197266e-01
1.232886314392089844e-02 1.304316520690917969e-02 1.474666595458984375e-02 4.245972633361816406e-02 3.392913341522216797e-01
1.275801658630371094e-02 1.287722587585449219e-02 1.739168167114257812e-02 4.293441772460937500e-02 3.403997421264648438e-01
1.409721374511718750e-02 1.263689994812011719e-02 1.379013061523437500e-02 4.276657104492187500e-02 3.393669128417968750e-01
1.280999183654785156e-02 1.307129859924316406e-02 1.409959793090820312e-02 4.217147827148437500e-02 3.394248485565185547e-01
1.310038566589355469e-02 1.297926902770996094e-02 1.411223411560058594e-02 4.324150085449218750e-02 3.393023014068603516e-01
1.264524459838867188e-02 1.260995864868164062e-02 1.370811462402343750e-02 4.300546646118164062e-02 3.403635025024414062e-01
1.265573501586914062e-02 1.321983337402343750e-02 1.543545722961425781e-02 4.227614402770996094e-02 3.419756889343261719e-01
1.263976097106933594e-02 1.271390914916992188e-02 1.418757438659667969e-02 4.333472251892089844e-02 3.390510082244873047e-01
1.226282119750976562e-02 1.248884201049804688e-02 1.405072212219238281e-02 4.284191131591796875e-02 3.389992713928222656e-01
1.233935356140136719e-02 1.274824142456054688e-02 1.447987556457519531e-02 4.323363304138183594e-02 3.401150703430175781e-01
1.232552528381347656e-02 1.251554489135742188e-02 1.376509666442871094e-02 4.287505149841308594e-02 3.392150402069091797e-01
1.262235641479492188e-02 1.240396499633789062e-02 1.415181159973144531e-02 4.372262954711914062e-02 3.395326137542724609e-01
1.227378845214843750e-02 1.239514350891113281e-02 1.364445686340332031e-02 4.322290420532226562e-02 3.394026756286621094e-01
1.499223709106445312e-02 1.240110397338867188e-02 1.355934143066406250e-02 4.586601257324218750e-02 3.396155834197998047e-01
1.320028305053710938e-02 1.232743263244628906e-02 1.422381401062011719e-02 4.230928421020507812e-02 3.400955200195312500e-01
1.332068443298339844e-02 1.229119300842285156e-02 1.378297805786132812e-02 4.253792762756347656e-02 3.397898674011230469e-01
1.388740539550781250e-02 1.233291625976562500e-02 1.351070404052734375e-02 4.298043251037597656e-02 3.395752906799316406e-01
1.284337043762207031e-02 1.290655136108398438e-02 1.352334022521972656e-02 4.313778877258300781e-02 3.398351669311523438e-01
1.255297660827636719e-02 1.377224922180175781e-02 1.358747482299804688e-02 4.372477531433105469e-02 3.398737907409667969e-01
1.282930374145507812e-02 1.307606697082519531e-02 1.462936401367187500e-02 4.244160652160644531e-02 3.387801647186279297e-01
1.225471496582031250e-02 1.275348663330078125e-02 1.456141471862792969e-02 4.244256019592285156e-02 3.409347534179687500e-01
1.222968101501464844e-02 1.419544219970703125e-02 1.385712623596191406e-02 4.411292076110839844e-02 3.407640457153320312e-01
1.247930526733398438e-02 1.409173011779785156e-02 1.519966125488281250e-02 4.292988777160644531e-02 3.392639160156250000e-01
1.227998733520507812e-02 1.283645629882812500e-02 1.531791687011718750e-02 4.215002059936523438e-02 3.407623767852783203e-01
1.238822937011718750e-02 1.398468017578125000e-02 1.383352279663085938e-02 4.253745079040527344e-02 3.394997119903564453e-01
1.339149475097656250e-02 1.335382461547851562e-02 1.541614532470703125e-02 4.281473159790039062e-02 3.386480808258056641e-01
1.310467720031738281e-02 1.272583007812500000e-02 1.397061347961425781e-02 4.230332374572753906e-02 3.400194644927978516e-01
1.344799995422363281e-02 1.273488998413085938e-02 1.412343978881835938e-02 4.293537139892578125e-02 3.403241634368896484e-01
1.450562477111816406e-02 1.223826408386230469e-02 1.423978805541992188e-02 4.272174835205078125e-02 3.392283916473388672e-01
1.305007934570312500e-02 1.259851455688476562e-02 1.349163055419921875e-02 4.321289062500000000e-02 3.390007019042968750e-01
1.338648796081542969e-02 1.234865188598632812e-02 1.367521286010742188e-02 4.308223724365234375e-02 3.396213054656982422e-01
1.323342323303222656e-02 1.228499412536621094e-02 1.371192932128906250e-02 4.341793060302734375e-02 3.395028114318847656e-01
1.283121109008789062e-02 1.241850852966308594e-02 1.350355148315429688e-02 4.398202896118164062e-02 3.394219875335693359e-01
1.256036758422851562e-02 1.237654685974121094e-02 1.354336738586425781e-02 4.280042648315429688e-02 3.396277427673339844e-01
1.317214965820312500e-02 1.275753974914550781e-02 1.399254798889160156e-02 4.241013526916503906e-02 3.399248123168945312e-01
1.286196708679199219e-02 1.332139968872070312e-02 1.450800895690917969e-02 4.366230964660644531e-02 3.386526107788085938e-01
1.248264312744140625e-02 1.279115676879882812e-02 1.397633552551269531e-02 4.308581352233886719e-02 3.402409553527832031e-01
1.325654983520507812e-02 1.311564445495605469e-02 1.404309272766113281e-02 4.290270805358886719e-02 3.402876853942871094e-01
1.264929771423339844e-02 1.366114616394042969e-02 1.484656333923339844e-02 4.540991783142089844e-02 3.405494689941406250e-01
1.266670227050781250e-02 1.273083686828613281e-02 1.380491256713867188e-02 4.289793968200683594e-02 3.404779434204101562e-01
1.315617561340332031e-02 1.268744468688964844e-02 1.428008079528808594e-02 4.259467124938964844e-02 3.394606113433837891e-01
1.273179054260253906e-02 1.264834403991699219e-02 1.370882987976074219e-02 4.324603080749511719e-02 3.396589756011962891e-01
1.270055770874023438e-02 1.229286193847656250e-02 1.354455947875976562e-02 4.249715805053710938e-02 3.390738964080810547e-01
1.270508766174316406e-02 1.235985755920410156e-02 1.364278793334960938e-02 4.228806495666503906e-02 3.414888381958007812e-01
1.239609718322753906e-02 1.255893707275390625e-02 1.345443725585937500e-02 4.278779029846191406e-02 3.379495143890380859e-01
1.246428489685058594e-02 1.238727569580078125e-02 1.354527473449707031e-02 4.301476478576660156e-02 3.397834300994873047e-01
1.235747337341308594e-02 1.283192634582519531e-02 1.525688171386718750e-02 4.319334030151367188e-02 3.390910625457763672e-01
1.242065429687500000e-02 1.299619674682617188e-02 1.556086540222167969e-02 4.240965843200683594e-02 3.402431011199951172e-01
1.225829124450683594e-02 1.373243331909179688e-02 1.430392265319824219e-02 4.280352592468261719e-02 3.408982753753662109e-01
1.239633560180664062e-02 1.420474052429199219e-02 1.367330551147460938e-02 4.425239562988281250e-02 3.396732807159423828e-01
1.234936714172363281e-02 1.266884803771972656e-02 1.379227638244628906e-02 4.333567619323730469e-02 3.419208526611328125e-01
1.315522193908691406e-02 1.246738433837890625e-02 1.352000236511230469e-02 4.290938377380371094e-02 3.389384746551513672e-01
1.366925239562988281e-02 1.241946220397949219e-02 1.350402832031250000e-02 4.301905632019042969e-02 3.385493755340576172e-01
1.287102699279785156e-02 1.236248016357421875e-02 1.365709304809570312e-02 4.265570640563964844e-02 3.388741016387939453e-01
1.312041282653808594e-02 1.243138313293457031e-02 1.372933387756347656e-02 4.234075546264648438e-02 3.392088413238525391e-01
1.487970352172851562e-02 1.236414909362792969e-02 1.381826400756835938e-02 4.342126846313476562e-02 3.382260799407958984e-01
1.345205307006835938e-02 1.237797737121582031e-02 1.478695869445800781e-02 4.357171058654785156e-02 3.415524959564208984e-01
1.269650459289550781e-02 1.268410682678222656e-02 1.400160789489746094e-02 4.389762878417968750e-02 3.395547866821289062e-01
1.437830924987792969e-02 1.347446441650390625e-02 1.364946365356445312e-02 4.290819168090820312e-02 3.401927947998046875e-01
1.345276832580566406e-02 1.290917396545410156e-02 1.364827156066894531e-02 4.232645034790039062e-02 3.399448394775390625e-01
1.289129257202148438e-02 1.250576972961425781e-02 1.424717903137207031e-02 4.368710517883300781e-02 3.396837711334228516e-01
1.247763633728027344e-02 1.443266868591308594e-02 1.468729972839355469e-02 4.307031631469726562e-02 3.395948410034179688e-01
1.226425170898437500e-02 1.315045356750488281e-02 1.466536521911621094e-02 4.554414749145507812e-02 3.393049240112304688e-01
1.231718063354492188e-02 1.341438293457031250e-02 1.404118537902832031e-02 4.371738433837890625e-02 3.397014141082763672e-01
1.227355003356933594e-02 1.328086853027343750e-02 1.427507400512695312e-02 4.329276084899902344e-02 3.405208587646484375e-01
1.227474212646484375e-02 1.291012763977050781e-02 1.425886154174804688e-02 4.262089729309082031e-02 3.412907123565673828e-01
1.228642463684082031e-02 1.252484321594238281e-02 1.375269889831542969e-02 4.235243797302246094e-02 3.387272357940673828e-01
1.310086250305175781e-02 1.315736770629882812e-02 1.439619064331054688e-02 4.320573806762695312e-02 3.481733798980712891e-01
1.335191726684570312e-02 1.279759407043457031e-02 1.390624046325683594e-02 4.298329353332519531e-02 3.694841861724853516e-01
1.399421691894531250e-02 1.274347305297851562e-02 1.389765739440917969e-02 4.627680778503417969e-02 3.651459217071533203e-01
1.306700706481933594e-02 1.326632499694824219e-02 1.444911956787109375e-02 4.289078712463378906e-02 3.511898517608642578e-01
1.283192634582519531e-02 1.264214515686035156e-02 1.428413391113281250e-02 4.296898841857910156e-02 3.486301898956298828e-01
1.349139213562011719e-02 1.267766952514648438e-02 1.777911186218261719e-02 4.340815544128417969e-02 3.537654876708984375e-01
1.281380653381347656e-02 1.311111450195312500e-02 1.381659507751464844e-02 4.247999191284179688e-02 3.598599433898925781e-01
1.235890388488769531e-02 1.263499259948730469e-02 1.369619369506835938e-02 4.297208786010742188e-02 3.618950843811035156e-01
1.237654685974121094e-02 1.270246505737304688e-02 1.360535621643066406e-02 4.342913627624511719e-02 3.818080425262451172e-01
1.240539550781250000e-02 1.266050338745117188e-02 1.364850997924804688e-02 4.449748992919921875e-02 3.837165832519531250e-01
1.228213310241699219e-02 1.253032684326171875e-02 1.360058784484863281e-02 4.328227043151855469e-02 3.731880187988281250e-01
1.233100891113281250e-02 1.306152343750000000e-02 1.460623741149902344e-02 4.228615760803222656e-02 3.573594093322753906e-01
1.241374015808105469e-02 1.240706443786621094e-02 1.390576362609863281e-02 4.225015640258789062e-02 3.440527915954589844e-01
1.420044898986816406e-02 1.240301132202148438e-02 1.511025428771972656e-02 4.283547401428222656e-02 3.486735820770263672e-01
1.331162452697753906e-02 1.233315467834472656e-02 1.426744461059570312e-02 4.284906387329101562e-02 3.499908447265625000e-01
1.498532295227050781e-02 1.233005523681640625e-02 1.461267471313476562e-02 4.236531257629394531e-02 3.600220680236816406e-01
1.317334175109863281e-02 1.246404647827148438e-02 1.590991020202636719e-02 4.243850708007812500e-02 3.556501865386962891e-01
1.264476776123046875e-02 1.345443725585937500e-02 1.498222351074218750e-02 4.516649246215820312e-02 3.461301326751708984e-01
1.241111755371093750e-02 1.378393173217773438e-02 1.415348052978515625e-02 4.282879829406738281e-02 3.394236564636230469e-01
1.240777969360351562e-02 1.347804069519042969e-02 1.611685752868652344e-02 4.397273063659667969e-02 3.421199321746826172e-01
1.236009597778320312e-02 1.338863372802734375e-02 1.420378684997558594e-02 4.342436790466308594e-02 3.390760421752929688e-01
1.243829727172851562e-02 1.478457450866699219e-02 1.406145095825195312e-02 4.271578788757324219e-02 3.413765430450439453e-01
1.263546943664550781e-02 1.321077346801757812e-02 1.356387138366699219e-02 4.286885261535644531e-02 3.439524173736572266e-01
1.246976852416992188e-02 1.295351982116699219e-02 1.350402832031250000e-02 4.361367225646972656e-02 3.415997028350830078e-01
1.454353332519531250e-02 1.390266418457031250e-02 1.353502273559570312e-02 4.637980461120605469e-02 3.411080837249755859e-01
1.394224166870117188e-02 1.275634765625000000e-02 1.369094848632812500e-02 4.655337333679199219e-02 3.424963951110839844e-01
1.277685165405273438e-02 1.293778419494628906e-02 1.361465454101562500e-02 4.256844520568847656e-02 3.411848545074462891e-01
1.240205764770507812e-02 1.247549057006835938e-02 1.446175575256347656e-02 4.255676269531250000e-02 3.402979373931884766e-01
1.248764991760253906e-02 1.229453086853027344e-02 1.512217521667480469e-02 4.305315017700195312e-02 3.420195579528808594e-01
1.337528228759765625e-02 1.240849494934082031e-02 1.395630836486816406e-02 4.318928718566894531e-02 3.405697345733642578e-01
1.315712928771972656e-02 1.228618621826171875e-02 1.431083679199218750e-02 4.279780387878417969e-02 3.395445346832275391e-01
1.320481300354003906e-02 1.229858398437500000e-02 1.400136947631835938e-02 4.243469238281250000e-02 3.406219482421875000e-01
1.339721679687500000e-02 1.226949691772460938e-02 1.397323608398437500e-02 4.239773750305175781e-02 3.407056331634521484e-01
1.297950744628906250e-02 1.242065429687500000e-02 1.381134986877441406e-02 4.375743865966796875e-02 3.397271633148193359e-01
1.287126541137695312e-02 1.348328590393066406e-02 1.417827606201171875e-02 4.341363906860351562e-02 3.396978378295898438e-01
1.248025894165039062e-02 1.298236846923828125e-02 1.376295089721679688e-02 4.557037353515625000e-02 3.401823043823242188e-01
1.300811767578125000e-02 1.316285133361816406e-02 1.360940933227539062e-02 4.356145858764648438e-02 3.384134769439697266e-01
1.269674301147460938e-02 1.285409927368164062e-02 1.362133026123046875e-02 4.544377326965332031e-02 3.410360813140869141e-01
1.261472702026367188e-02 1.268315315246582031e-02 1.359701156616210938e-02 4.387450218200683594e-02 3.377594947814941406e-01
1.323008537292480469e-02 1.277232170104980469e-02 1.384735107421875000e-02 4.335403442382812500e-02 3.413593769073486328e-01
1.287746429443359375e-02 1.226806640625000000e-02 1.418733596801757812e-02 4.354166984558105469e-02 3.404133319854736328e-01
1.270794868469238281e-02 1.230835914611816406e-02 1.548314094543457031e-02 4.530477523803710938e-02 3.387880325317382812e-01
1.268291473388671875e-02 1.224589347839355469e-02 1.411032676696777344e-02 4.497647285461425781e-02 3.395576477050781250e-01
1.242136955261230469e-02 1.224064826965332031e-02 1.397943496704101562e-02 4.358243942260742188e-02 3.394029140472412109e-01
1.238608360290527344e-02 1.226806640625000000e-02 1.367330551147460938e-02 4.301428794860839844e-02 3.403186798095703125e-01
1.234841346740722656e-02 1.235556602478027344e-02 1.348590850830078125e-02 4.254317283630371094e-02 3.397369384765625000e-01
1.227879524230957031e-02 1.247024536132812500e-02 1.361751556396484375e-02 4.228353500366210938e-02 3.399930000305175781e-01
1.233959197998046875e-02 1.284742355346679688e-02 1.359009742736816406e-02 4.323959350585937500e-02 3.399603366851806641e-01
1.243257522583007812e-02 1.448321342468261719e-02 1.368522644042968750e-02 4.555845260620117188e-02 3.397245407104492188e-01
1.235604286193847656e-02 1.341867446899414062e-02 1.581549644470214844e-02 4.463291168212890625e-02 3.389940261840820312e-01
1.293301582336425781e-02 1.259946823120117188e-02 1.466155052185058594e-02 4.521512985229492188e-02 3.403913974761962891e-01
1.383590698242187500e-02 1.241207122802734375e-02 1.372718811035156250e-02 4.405736923217773438e-02 3.434019088745117188e-01
1.311206817626953125e-02 1.251983642578125000e-02 1.374268531799316406e-02 4.499554634094238281e-02 3.425006866455078125e-01
1.265907287597656250e-02 1.238465309143066406e-02 1.379871368408203125e-02 4.308223724365234375e-02 3.409378528594970703e-01
1.375746726989746094e-02 1.232838630676269531e-02 1.456761360168457031e-02 4.929327964782714844e-02 3.437337875366210938e-01
1.456189155578613281e-02 1.239395141601562500e-02 1.472735404968261719e-02 4.794049263000488281e-02 3.426458835601806641e-01
1.268434524536132812e-02 1.230287551879882812e-02 1.446676254272460938e-02 4.838681221008300781e-02 3.416593074798583984e-01
1.385092735290527344e-02 1.276469230651855469e-02 1.385402679443359375e-02 4.743528366088867188e-02 3.384423255920410156e-01
1.314592361450195312e-02 1.336956024169921875e-02 1.430678367614746094e-02 4.801964759826660156e-02 3.439626693725585938e-01
1.264405250549316406e-02 1.260685920715332031e-02 1.394724845886230469e-02 4.640150070190429688e-02 3.393747806549072266e-01
1.274609565734863281e-02 1.241612434387207031e-02 1.387071609497070312e-02 5.209136009216308594e-02 3.409667015075683594e-01
1.222205162048339844e-02 1.240015029907226562e-02 1.486468315124511719e-02 4.358768463134765625e-02 3.383555412292480469e-01
1.230669021606445312e-02 1.263713836669921875e-02 1.398849487304687500e-02 4.336261749267578125e-02 3.391757011413574219e-01
1.231765747070312500e-02 1.342368125915527344e-02 1.426506042480468750e-02 4.300808906555175781e-02 3.393955230712890625e-01
1.270771026611328125e-02 1.318287849426269531e-02 1.421427726745605469e-02 4.259896278381347656e-02 3.419423103332519531e-01
1.237130165100097656e-02 1.291823387145996094e-02 1.385498046875000000e-02 4.235124588012695312e-02 3.412439823150634766e-01
1.241397857666015625e-02 1.265835762023925781e-02 1.415228843688964844e-02 4.371809959411621094e-02 3.395750522613525391e-01
1.286768913269042969e-02 1.332211494445800781e-02 1.372814178466796875e-02 4.621958732604980469e-02 3.395462036132812500e-01
1.338148117065429688e-02 1.359224319458007812e-02 1.366376876831054688e-02 4.736304283142089844e-02 3.422799110412597656e-01
1.265907287597656250e-02 1.283550262451171875e-02 1.367068290710449219e-02 4.623961448669433594e-02 3.394348621368408203e-01
1.304841041564941406e-02 1.307463645935058594e-02 1.354265213012695312e-02 4.253697395324707031e-02 3.405539989471435547e-01
1.265692710876464844e-02 1.274657249450683594e-02 1.365637779235839844e-02 4.267263412475585938e-02 3.435590267181396484e-01
1.317334175109863281e-02 1.385927200317382812e-02 1.371288299560546875e-02 4.331207275390625000e-02 3.411624431610107422e-01
1.250004768371582031e-02 1.365590095520019531e-02 1.381635665893554688e-02 4.263019561767578125e-02 3.412742614746093750e-01
1.222252845764160156e-02 1.273274421691894531e-02 1.513886451721191406e-02 4.225158691406250000e-02 3.409235477447509766e-01
1.228451728820800781e-02 1.294088363647460938e-02 1.447534561157226562e-02 4.314184188842773438e-02 3.405060768127441406e-01
1.230669021606445312e-02 1.284146308898925781e-02 1.761388778686523438e-02 4.268479347229003906e-02 3.397421836853027344e-01
1.219010353088378906e-02 1.282978057861328125e-02 1.532554626464843750e-02 4.270195960998535156e-02 3.413360118865966797e-01
1.235866546630859375e-02 1.227259635925292969e-02 1.443934440612792969e-02 4.468703269958496094e-02 3.408501148223876953e-01
1.238036155700683594e-02 1.225376129150390625e-02 1.422905921936035156e-02 4.836893081665039062e-02 3.404605388641357422e-01
1.333904266357421875e-02 1.231980323791503906e-02 1.519870758056640625e-02 4.424858093261718750e-02 3.395638465881347656e-01
1.329874992370605469e-02 1.235222816467285156e-02 1.391863822937011719e-02 4.328346252441406250e-02 3.402969837188720703e-01
1.397418975830078125e-02 1.233172416687011719e-02 1.475000381469726562e-02 4.295539855957031250e-02 3.395988941192626953e-01
1.276183128356933594e-02 1.245737075805664062e-02 1.365280151367187500e-02 4.286026954650878906e-02 3.405985832214355469e-01
1.259875297546386719e-02 1.340365409851074219e-02 1.362204551696777344e-02 4.275321960449218750e-02 3.400223255157470703e-01
1.244497299194335938e-02 1.464700698852539062e-02 1.361775398254394531e-02 4.242944717407226562e-02 3.399739265441894531e-01
1.235032081604003906e-02 1.271557807922363281e-02 1.373100280761718750e-02 4.364132881164550781e-02 3.416132926940917969e-01
1.227116584777832031e-02 1.348471641540527344e-02 1.425409317016601562e-02 4.416680335998535156e-02 3.393731117248535156e-01
1.291990280151367188e-02 1.440238952636718750e-02 1.488375663757324219e-02 4.500102996826171875e-02 3.410422801971435547e-01
1.237106323242187500e-02 1.305341720581054688e-02 1.552152633666992188e-02 4.318118095397949219e-02 3.409662246704101562e-01
1.248049736022949219e-02 1.313638687133789062e-02 1.444029808044433594e-02 4.239535331726074219e-02 3.414947986602783203e-01
1.340484619140625000e-02 1.403784751892089844e-02 1.457476615905761719e-02 4.306888580322265625e-02 3.419504165649414062e-01
1.290464401245117188e-02 1.291823387145996094e-02 1.405239105224609375e-02 4.337286949157714844e-02 3.416221141815185547e-01
1.249766349792480469e-02 1.297855377197265625e-02 1.402258872985839844e-02 4.242682456970214844e-02 3.411738872528076172e-01
1.249623298645019531e-02 1.250457763671875000e-02 1.362657546997070312e-02 4.220986366271972656e-02 3.720374107360839844e-01
1.239609718322753906e-02 1.239919662475585938e-02 1.347303390502929688e-02 4.308438301086425781e-02 3.563587665557861328e-01
1.350688934326171875e-02 1.227402687072753906e-02 1.353549957275390625e-02 4.590201377868652344e-02 3.743176460266113281e-01
1.327800750732421875e-02 1.275253295898437500e-02 1.349258422851562500e-02 4.720258712768554688e-02 3.433232307434082031e-01
1.395964622497558594e-02 1.238703727722167969e-02 1.360750198364257812e-02 4.678225517272949219e-02 3.655669689178466797e-01
1.307392120361328125e-02 1.238512992858886719e-02 1.351094245910644531e-02 4.278469085693359375e-02 3.613238334655761719e-01
1.269698143005371094e-02 1.476621627807617188e-02 1.375794410705566406e-02 4.323101043701171875e-02 3.447570800781250000e-01
1.298284530639648438e-02 1.350617408752441406e-02 1.432752609252929688e-02 4.294300079345703125e-02 3.439252376556396484e-01
1.261615753173828125e-02 1.273894309997558594e-02 1.527500152587890625e-02 4.283809661865234375e-02 3.425207138061523438e-01
1.518034934997558594e-02 1.310038566589355469e-02 1.397037506103515625e-02 4.299116134643554688e-02 3.686211109161376953e-01
1.292276382446289062e-02 1.280546188354492188e-02 1.354169845581054688e-02 4.287075996398925781e-02 3.603651523590087891e-01
1.257133483886718750e-02 1.272988319396972656e-02 1.348590850830078125e-02 4.258251190185546875e-02 3.584444522857666016e-01
1.311850547790527344e-02 1.260304450988769531e-02 1.361012458801269531e-02 4.429459571838378906e-02 3.670828342437744141e-01
1.267766952514648438e-02 1.344943046569824219e-02 1.352667808532714844e-02 4.697871208190917969e-02 3.620536327362060547e-01
1.264691352844238281e-02 1.230406761169433594e-02 1.355171203613281250e-02 4.379773139953613281e-02 3.641500473022460938e-01
1.274466514587402344e-02 1.237964630126953125e-02 1.348423957824707031e-02 4.237079620361328125e-02 3.703536987304687500e-01
1.253318786621093750e-02 1.229238510131835938e-02 1.442456245422363281e-02 4.233932495117187500e-02 3.452398777008056641e-01
1.244258880615234375e-02 1.229906082153320312e-02 1.436662673950195312e-02 4.346489906311035156e-02 3.400235176086425781e-01
1.294445991516113281e-02 1.234149932861328125e-02 1.374387741088867188e-02 4.301261901855468750e-02 3.675596714019775391e-01
1.233243942260742188e-02 1.261806488037109375e-02 1.360225677490234375e-02 4.240775108337402344e-02 3.684382438659667969e-01
1.228833198547363281e-02 1.303219795227050781e-02 1.354479789733886719e-02 4.223394393920898438e-02 3.713018894195556641e-01
1.234292984008789062e-02 1.425790786743164062e-02 1.399707794189453125e-02 4.355216026306152344e-02 3.521087169647216797e-01
1.234030723571777344e-02 1.318907737731933594e-02 1.451897621154785156e-02 4.479241371154785156e-02 3.569753170013427734e-01
1.286697387695312500e-02 1.320409774780273438e-02 1.443958282470703125e-02 4.234743118286132812e-02 3.537392616271972656e-01
1.368045806884765625e-02 1.235246658325195312e-02 1.388740539550781250e-02 4.332375526428222656e-02 3.457391262054443359e-01
1.324939727783203125e-02 1.239681243896484375e-02 1.393985748291015625e-02 4.331064224243164062e-02 3.624639511108398438e-01
1.333165168762207031e-02 1.228260993957519531e-02 1.425480842590332031e-02 4.477047920227050781e-02 3.584251403808593750e-01
1.429486274719238281e-02 1.237845420837402344e-02 1.373529434204101562e-02 4.300880432128906250e-02 3.711905479431152344e-01
1.401352882385253906e-02 1.237964630126953125e-02 1.448154449462890625e-02 4.292702674865722656e-02 3.621039390563964844e-01
1.271653175354003906e-02 1.229405403137207031e-02 1.393985748291015625e-02 4.343223571777343750e-02 3.620951175689697266e-01
1.401853561401367188e-02 1.326632499694824219e-02 1.390171051025390625e-02 4.289960861206054688e-02 3.683700561523437500e-01
1.324105262756347656e-02 1.376080513000488281e-02 1.433658599853515625e-02 4.259800910949707031e-02 3.609437942504882812e-01
1.286745071411132812e-02 1.249027252197265625e-02 1.383996009826660156e-02 4.380655288696289062e-02 3.619287014007568359e-01
1.267433166503906250e-02 1.244568824768066406e-02 1.432657241821289062e-02 4.407763481140136719e-02 3.720574378967285156e-01
1.234078407287597656e-02 1.248383522033691406e-02 1.363182067871093750e-02 4.362535476684570312e-02 3.742120265960693359e-01
1.225328445434570312e-02 1.336026191711425781e-02 1.352143287658691406e-02 4.288673400878906250e-02 3.549971580505371094e-01
1.231336593627929688e-02 1.331973075866699219e-02 1.416373252868652344e-02 4.251623153686523438e-02 3.585510253906250000e-01
1.219677925109863281e-02 1.308703422546386719e-02 1.509380340576171875e-02 4.447650909423828125e-02 3.530554771423339844e-01
1.239490509033203125e-02 1.276540756225585938e-02 1.380324363708496094e-02 4.301428794860839844e-02 3.466856479644775391e-01
1.247859001159667969e-02 1.300835609436035156e-02 1.354575157165527344e-02 4.235839843750000000e-02 3.530240058898925781e-01
1.275157928466796875e-02 1.292133331298828125e-02 1.365160942077636719e-02 4.235529899597167969e-02 3.424654006958007812e-01
1.328921318054199219e-02 1.253175735473632812e-02 1.477646827697753906e-02 4.347229003906250000e-02 3.555989265441894531e-01
1.299405097961425781e-02 1.298260688781738281e-02 1.481127738952636719e-02 4.275035858154296875e-02 3.429942131042480469e-01
1.327538490295410156e-02 1.296639442443847656e-02 1.387524604797363281e-02 4.246330261230468750e-02 3.542411327362060547e-01
1.255726814270019531e-02 1.259803771972656250e-02 1.506948471069335938e-02 4.341387748718261719e-02 3.395028114318847656e-01
1.254701614379882812e-02 1.319384574890136719e-02 1.529479026794433594e-02 4.289555549621582031e-02 3.413548469543457031e-01
1.255297660827636719e-02 1.281261444091796875e-02 1.395702362060546875e-02 4.506659507751464844e-02 3.501808643341064453e-01
1.239132881164550781e-02 1.260566711425781250e-02 1.505947113037109375e-02 4.274177551269531250e-02 3.411781787872314453e-01
1.226019859313964844e-02 1.285171508789062500e-02 1.408290863037109375e-02 4.313683509826660156e-02 3.588757514953613281e-01
1.238274574279785156e-02 1.246309280395507812e-02 1.401257514953613281e-02 4.364919662475585938e-02 3.524217605590820312e-01
1.226520538330078125e-02 1.233434677124023438e-02 1.367449760437011719e-02 4.472899436950683594e-02 3.562686443328857422e-01
1.228189468383789062e-02 1.242637634277343750e-02 1.360726356506347656e-02 4.257488250732421875e-02 3.399279117584228516e-01
1.230168342590332031e-02 1.240992546081542969e-02 1.354646682739257812e-02 4.332065582275390625e-02 3.389453887939453125e-01
1.272225379943847656e-02 1.235628128051757812e-02 1.389622688293457031e-02 4.422497749328613281e-02 3.514215946197509766e-01
1.318311691284179688e-02 1.231026649475097656e-02 1.586294174194335938e-02 4.311966896057128906e-02 3.469519615173339844e-01
1.434516906738281250e-02 1.257157325744628906e-02 1.362276077270507812e-02 4.239368438720703125e-02 3.458611965179443359e-01
1.278853416442871094e-02 1.294350624084472656e-02 1.419210433959960938e-02 4.232549667358398438e-02 3.451178073883056641e-01
1.236343383789062500e-02 1.527571678161621094e-02 1.412916183471679688e-02 4.288792610168457031e-02 3.428001403808593750e-01
1.226949691772460938e-02 1.288127899169921875e-02 1.394867897033691406e-02 4.286217689514160156e-02 3.413872718811035156e-01
1.233959197998046875e-02 1.291322708129882812e-02 1.407122611999511719e-02 4.450821876525878906e-02 3.423023223876953125e-01
1.230573654174804688e-02 1.393437385559082031e-02 1.380753517150878906e-02 4.288196563720703125e-02 3.413636684417724609e-01
1.232814788818359375e-02 1.380991935729980469e-02 1.388955116271972656e-02 4.440069198608398438e-02 3.406968116760253906e-01
1.226496696472167969e-02 1.331710815429687500e-02 1.345324516296386719e-02 4.486322402954101562e-02 3.408041000366210938e-01
1.236939430236816406e-02 1.407527923583984375e-02 1.348400115966796875e-02 4.648327827453613281e-02 3.399553298950195312e-01
1.322889328002929688e-02 1.297044754028320312e-02 1.352453231811523438e-02 4.407167434692382812e-02 3.405058383941650391e-01
1.321315765380859375e-02 1.285457611083984375e-02 1.345992088317871094e-02 4.719209671020507812e-02 3.423492908477783203e-01
1.244378089904785156e-02 1.264119148254394531e-02 1.364493370056152344e-02 4.319190979003906250e-02 3.443541526794433594e-01
1.240301132202148438e-02 1.234483718872070312e-02 1.365971565246582031e-02 4.335141181945800781e-02 3.411200046539306641e-01
1.322150230407714844e-02 1.227974891662597656e-02 1.406121253967285156e-02 4.348731040954589844e-02 3.429205417633056641e-01
1.336240768432617188e-02 1.233983039855957031e-02 1.508617401123046875e-02 4.554414749145507812e-02 3.425290584564208984e-01
1.334595680236816406e-02 1.230549812316894531e-02 1.500773429870605469e-02 4.225564002990722656e-02 3.400864601135253906e-01
1.298522949218750000e-02 1.262998580932617188e-02 1.356720924377441406e-02 4.250836372375488281e-02 3.456354141235351562e-01
1.242470741271972656e-02 1.274371147155761719e-02 1.348710060119628906e-02 4.632639884948730469e-02 3.822236061096191406e-01
1.304888725280761719e-02 1.314306259155273438e-02 1.356935501098632812e-02 4.400372505187988281e-02 3.569006919860839844e-01
1.280522346496582031e-02 1.309680938720703125e-02 1.355028152465820312e-02 4.309034347534179688e-02 3.483545780181884766e-01
1.245141029357910156e-02 1.286125183105468750e-02 1.345777511596679688e-02 4.243516921997070312e-02 3.418436050415039062e-01
1.312947273254394531e-02 1.307439804077148438e-02 1.490831375122070312e-02 4.237937927246093750e-02 3.525116443634033203e-01
1.258802413940429688e-02 1.283144950866699219e-02 1.504397392272949219e-02 4.535698890686035156e-02 3.527538776397705078e-01
1.260900497436523438e-02 1.289272308349609375e-02 1.473474502563476562e-02 4.286670684814453125e-02 3.474612236022949219e-01
1.332712173461914062e-02 1.244640350341796875e-02 1.396179199218750000e-02 4.230642318725585938e-02 3.425183296203613281e-01
1.261925697326660156e-02 1.228380203247070312e-02 1.370573043823242188e-02 4.282951354980468750e-02 3.470420837402343750e-01
1.250338554382324219e-02 1.241707801818847656e-02 1.354217529296875000e-02 4.357481002807617188e-02 3.434209823608398438e-01
1.271367073059082031e-02 1.237750053405761719e-02 1.410555839538574219e-02 4.235720634460449219e-02 3.455057144165039062e-01
1.232910156250000000e-02 1.229929924011230469e-02 1.506900787353515625e-02 4.243087768554687500e-02 3.438403606414794922e-01
1.258873939514160156e-02 1.240253448486328125e-02 1.448941230773925781e-02 4.259562492370605469e-02 3.466765880584716797e-01
1.224017143249511719e-02 1.237702369689941406e-02 1.396751403808593750e-02 4.706573486328125000e-02 3.471026420593261719e-01
1.239442825317382812e-02 1.260614395141601562e-02 1.384615898132324219e-02 4.354095458984375000e-02 3.488845825195312500e-01
1.227188110351562500e-02 1.394104957580566406e-02 1.434850692749023438e-02 4.357624053955078125e-02 3.739132881164550781e-01
1.374936103820800781e-02 1.400399208068847656e-02 1.380491256713867188e-02 4.330420494079589844e-02 3.726782798767089844e-01
1.237130165100097656e-02 1.271843910217285156e-02 1.417160034179687500e-02 4.277563095092773438e-02 3.550226688385009766e-01
1.308083534240722656e-02 1.249241828918457031e-02 1.401209831237792969e-02 4.227900505065917969e-02 3.416664600372314453e-01
1.464271545410156250e-02 1.236319541931152344e-02 1.371598243713378906e-02 4.246425628662109375e-02 3.425021171569824219e-01
1.279330253601074219e-02 1.241517066955566406e-02 1.442027091979980469e-02 4.313230514526367188e-02 3.412673473358154297e-01
1.301622390747070312e-02 1.248931884765625000e-02 1.373314857482910156e-02 4.318261146545410156e-02 3.393540382385253906e-01
1.437497138977050781e-02 1.226544380187988281e-02 1.398587226867675781e-02 4.289126396179199219e-02 3.419449329376220703e-01
1.356506347656250000e-02 1.231431961059570312e-02 1.364183425903320312e-02 4.256939888000488281e-02 3.403267860412597656e-01
1.275086402893066406e-02 1.246404647827148438e-02 1.358079910278320312e-02 4.431962966918945312e-02 3.528032302856445312e-01
1.401734352111816406e-02 1.348614692687988281e-02 1.346635818481445312e-02 4.329347610473632812e-02 3.403747081756591797e-01
1.275134086608886719e-02 1.293873786926269531e-02 1.358580589294433594e-02 4.295158386230468750e-02 3.402848243713378906e-01
1.312184333801269531e-02 1.246953010559082031e-02 1.362347602844238281e-02 4.235315322875976562e-02 3.540937900543212891e-01
1.255917549133300781e-02 1.234388351440429688e-02 1.357078552246093750e-02 4.265499114990234375e-02 3.607208728790283203e-01
1.228141784667968750e-02 1.254177093505859375e-02 1.355481147766113281e-02 4.360461235046386719e-02 3.552167415618896484e-01
1.234102249145507812e-02 1.346278190612792969e-02 1.448297500610351562e-02 4.252982139587402344e-02 3.517994880676269531e-01
1.222991943359375000e-02 1.338720321655273438e-02 1.498341560363769531e-02 4.253625869750976562e-02 3.418560028076171875e-01
1.237201690673828125e-02 1.308465003967285156e-02 1.404428482055664062e-02 4.278874397277832031e-02 3.423671722412109375e-01
1.232171058654785156e-02 1.254987716674804688e-02 1.440310478210449219e-02 4.731893539428710938e-02 3.448183536529541016e-01
1.230955123901367188e-02 1.304459571838378906e-02 1.565670967102050781e-02 4.710555076599121094e-02 3.391454219818115234e-01
1.329421997070312500e-02 1.294279098510742188e-02 1.447272300720214844e-02 4.409503936767578125e-02 3.415796756744384766e-01
1.337385177612304688e-02 1.259350776672363281e-02 1.443696022033691406e-02 4.599833488464355469e-02 3.420138359069824219e-01
1.286149024963378906e-02 1.301479339599609375e-02 1.510643959045410156e-02 4.504323005676269531e-02 3.496580123901367188e-01
1.296567916870117188e-02 1.281881332397460938e-02 1.401686668395996094e-02 4.342555999755859375e-02 3.864705562591552734e-01
1.256275177001953125e-02 1.291298866271972656e-02 1.408982276916503906e-02 4.255628585815429688e-02 3.532428741455078125e-01
1.269531250000000000e-02 1.314854621887207031e-02 1.358175277709960938e-02 4.488968849182128906e-02 3.909125328063964844e-01
1.232504844665527344e-02 1.281976699829101562e-02 1.352405548095703125e-02 4.723954200744628906e-02 3.637554645538330078e-01
1.218152046203613281e-02 1.263856887817382812e-02 1.349639892578125000e-02 4.924607276916503906e-02 3.404967784881591797e-01
1.224255561828613281e-02 1.281380653381347656e-02 1.356792449951171875e-02 4.654455184936523438e-02 3.461449146270751953e-01
1.261496543884277344e-02 1.276063919067382812e-02 1.354575157165527344e-02 4.277825355529785156e-02 3.459143638610839844e-01
1.256394386291503906e-02 1.246547698974609375e-02 1.379561424255371094e-02 4.341769218444824219e-02 3.463106155395507812e-01
1.222610473632812500e-02 1.249647140502929688e-02 1.466584205627441406e-02 4.295372962951660156e-02 3.683702945709228516e-01
1.236486434936523438e-02 1.304721832275390625e-02 1.397991180419921875e-02 4.228878021240234375e-02 3.499655723571777344e-01
1.270914077758789062e-02 1.233100891113281250e-02 1.415991783142089844e-02 4.323506355285644531e-02 3.563210964202880859e-01
1.390409469604492188e-02 1.231694221496582031e-02 1.393437385559082031e-02 4.655861854553222656e-02 3.678057193756103516e-01
1.366925239562988281e-02 1.237201690673828125e-02 1.387858390808105469e-02 4.276943206787109375e-02 3.626194000244140625e-01
1.262855529785156250e-02 1.310634613037109375e-02 1.399564743041992188e-02 4.266786575317382812e-02 3.664879798889160156e-01
1.234531402587890625e-02 1.356339454650878906e-02 1.342701911926269531e-02 4.317140579223632812e-02 3.643248081207275391e-01
1.235961914062500000e-02 1.288866996765136719e-02 1.496338844299316406e-02 4.367113113403320312e-02 3.826622962951660156e-01
1.234912872314453125e-02 1.282262802124023438e-02 1.519298553466796875e-02 4.355692863464355469e-02 3.863661289215087891e-01
1.234054565429687500e-02 1.472139358520507812e-02 1.345634460449218750e-02 4.367375373840332031e-02 3.561728000640869141e-01
1.228785514831542969e-02 1.399374008178710938e-02 1.351141929626464844e-02 4.313540458679199219e-02 3.593759536743164062e-01
1.229667663574218750e-02 1.273155212402343750e-02 1.392436027526855469e-02 4.262351989746093750e-02 3.796772956848144531e-01
1.260066032409667969e-02 1.433253288269042969e-02 1.449131965637207031e-02 4.234313964843750000e-02 3.782737255096435547e-01
1.358509063720703125e-02 1.288104057312011719e-02 1.524972915649414062e-02 4.282712936401367188e-02 3.661813735961914062e-01
1.280760765075683594e-02 1.295208930969238281e-02 1.398110389709472656e-02 4.474353790283203125e-02 3.573596477508544922e-01
